# relative_time, cycles_done, cur_path, paths_total, pending_total, pending_favs, map_size, unique_crashes, unique_hangs, max_depth, execs_per_sec, total_execs, edges_found
61, 0, 389, 418, 227, 54, 28.96%, 0, 0, 3, 637.97, 43615, 523
66, 0, 389, 418, 227, 54, 28.96%, 0, 0, 3, 644.36, 46831, 523
71, 0, 389, 418, 227, 54, 28.96%, 0, 0, 3, 682.63, 50107, 523
76, 0, 413, 418, 226, 55, 28.96%, 0, 0, 3, 739.30, 53769, 523
81, 0, 413, 418, 226, 55, 28.96%, 0, 0, 3, 739.49, 57563, 523
86, 0, 375, 419, 226, 54, 29.29%, 0, 0, 3, 698.13, 60915, 529
91, 0, 375, 419, 226, 54, 29.29%, 0, 0, 3, 901.02, 63707, 529
97, 0, 375, 419, 226, 54, 29.29%, 0, 0, 3, 722.42, 67081, 529
103, 0, 374, 419, 225, 53, 29.29%, 0, 0, 3, 29.57, 68134, 529
108, 0, 374, 419, 225, 53, 29.29%, 0, 0, 3, 824.73, 71571, 529
113, 0, 374, 419, 225, 53, 29.29%, 0, 0, 3, 796.97, 75333, 529
119, 0, 402, 419, 224, 52, 29.29%, 0, 0, 3, 713.34, 78977, 529
124, 0, 402, 419, 224, 52, 29.29%, 0, 0, 3, 685.67, 82513, 529
129, 0, 402, 419, 224, 52, 29.29%, 0, 0, 3, 368.79, 84205, 529
134, 0, 402, 420, 225, 52, 29.35%, 0, 0, 3, 550.33, 87195, 530
139, 0, 402, 420, 225, 52, 29.35%, 0, 0, 3, 83.69, 90202, 530
144, 0, 402, 420, 225, 52, 29.35%, 0, 0, 3, 601.64, 92134, 530
149, 0, 402, 420, 225, 52, 29.35%, 0, 0, 3, 642.78, 95313, 530
154, 0, 402, 420, 225, 52, 29.35%, 0, 0, 3, 673.73, 98719, 530
159, 0, 402, 420, 225, 52, 29.35%, 0, 0, 3, 676.06, 102112, 530
164, 0, 402, 420, 225, 52, 29.35%, 0, 0, 3, 612.59, 105213, 530
170, 0, 402, 420, 225, 52, 29.35%, 0, 0, 3, 638.89, 108405, 530
175, 0, 413, 420, 224, 52, 29.35%, 0, 0, 3, 815.82, 112645, 530
180, 0, 413, 420, 224, 52, 29.35%, 0, 0, 3, 762.46, 116585, 530
185, 0, 399, 421, 225, 52, 29.35%, 0, 0, 3, 712.92, 120292, 530
190, 0, 399, 421, 225, 52, 29.35%, 0, 0, 3, 649.14, 123460, 530
195, 0, 399, 421, 225, 52, 29.35%, 0, 0, 3, 650.57, 126688, 530
200, 0, 399, 421, 225, 52, 29.35%, 0, 0, 3, 572.48, 129217, 530
205, 0, 399, 421, 225, 52, 29.35%, 0, 0, 3, 655.17, 132464, 530
210, 0, 399, 421, 225, 52, 29.35%, 0, 0, 3, 612.03, 135280, 530
216, 0, 399, 421, 225, 52, 29.35%, 0, 0, 3, 652.58, 138613, 530
221, 0, 399, 421, 225, 52, 29.35%, 0, 0, 3, 674.64, 142045, 530
226, 0, 399, 421, 225, 52, 29.35%, 0, 0, 3, 665.09, 145412, 530
231, 0, 399, 421, 225, 52, 29.35%, 0, 0, 3, 637.43, 148696, 530
236, 0, 418, 421, 224, 51, 29.35%, 0, 0, 3, 145.77, 152009, 530
241, 0, 418, 421, 224, 51, 29.35%, 0, 0, 3, 629.67, 155783, 530
246, 0, 378, 421, 223, 50, 29.35%, 0, 0, 3, 762.82, 159876, 530
251, 0, 378, 421, 223, 50, 29.35%, 0, 0, 3, 746.15, 163743, 530
257, 0, 398, 421, 222, 49, 29.35%, 0, 0, 3, 697.55, 166969, 530
262, 0, 398, 421, 222, 49, 29.35%, 0, 0, 3, 419.40, 169637, 530
267, 0, 398, 421, 222, 49, 29.35%, 0, 0, 3, 513.73, 172127, 530
272, 0, 398, 421, 222, 49, 29.35%, 0, 0, 3, 611.22, 175117, 530
277, 0, 398, 421, 222, 49, 29.35%, 0, 0, 3, 4.07, 175758, 530
283, 0, 398, 421, 222, 49, 29.35%, 0, 0, 3, 53.43, 175866, 530
288, 0, 398, 421, 222, 49, 29.35%, 0, 0, 3, 682.76, 177494, 530
293, 0, 398, 421, 222, 49, 29.35%, 0, 0, 3, 100.00, 180601, 530
298, 0, 398, 421, 222, 49, 29.35%, 0, 0, 3, 67.61, 183181, 530
304, 0, 398, 421, 222, 49, 29.35%, 0, 0, 3, 19.55, 185957, 530
336, 0, 398, 421, 222, 49, 29.35%, 0, 0, 3, 0.29, 186148, 530
341, 0, 398, 421, 222, 49, 29.35%, 0, 0, 3, 591.76, 189191, 530
346, 0, 398, 421, 222, 49, 29.35%, 0, 0, 3, 631.55, 192494, 530
351, 0, 398, 422, 223, 49, 29.40%, 0, 0, 3, 669.91, 195924, 531
356, 0, 169, 422, 222, 49, 29.40%, 0, 0, 3, 687.94, 199531, 531
362, 0, 169, 422, 222, 49, 29.40%, 0, 0, 3, 760.00, 203339, 531
367, 0, 169, 423, 223, 49, 29.46%, 0, 0, 3, 744.63, 207073, 532
372, 0, 169, 423, 223, 49, 29.46%, 0, 0, 3, 721.04, 210913, 532
377, 0, 169, 423, 223, 49, 29.46%, 0, 0, 3, 743.21, 213345, 532
382, 0, 169, 423, 223, 49, 29.46%, 0, 0, 3, 754.82, 217183, 532
387, 0, 169, 423, 223, 49, 29.46%, 0, 0, 3, 749.66, 220863, 532
392, 0, 169, 423, 223, 49, 29.46%, 0, 0, 3, 755.83, 224728, 532
397, 0, 169, 423, 223, 49, 29.46%, 0, 0, 3, 771.78, 228643, 532
402, 0, 403, 423, 222, 49, 29.46%, 0, 0, 3, 738.62, 232439, 532
408, 0, 403, 423, 222, 49, 29.46%, 0, 0, 3, 9.24, 233483, 532
413, 0, 403, 423, 222, 49, 29.46%, 0, 0, 3, 619.18, 235811, 532
419, 0, 403, 423, 222, 49, 29.46%, 0, 0, 3, 674.58, 239427, 532
424, 0, 403, 423, 222, 49, 29.46%, 0, 0, 3, 676.62, 242696, 532
429, 0, 403, 423, 222, 49, 29.46%, 0, 0, 3, 675.47, 246018, 532
434, 0, 403, 423, 222, 49, 29.46%, 0, 0, 3, 655.96, 249398, 532
439, 0, 403, 423, 222, 49, 29.46%, 0, 0, 3, 681.93, 252726, 532
444, 0, 403, 423, 222, 49, 29.46%, 0, 0, 3, 5.92, 253912, 532
450, 0, 403, 423, 222, 49, 29.46%, 0, 0, 3, 7.40, 254068, 532
455, 0, 403, 423, 222, 49, 29.46%, 0, 0, 3, 676.31, 256548, 532
460, 0, 403, 423, 222, 49, 29.46%, 0, 0, 3, 679.13, 259993, 532
465, 0, 403, 423, 222, 49, 29.46%, 0, 0, 3, 658.94, 263165, 532
470, 0, 188, 423, 221, 48, 29.46%, 0, 0, 3, 719.85, 266769, 532
475, 0, 188, 423, 221, 48, 29.46%, 0, 0, 3, 805.38, 270901, 532
480, 0, 422, 423, 220, 47, 29.46%, 0, 0, 3, 786.59, 274921, 532
485, 0, 422, 424, 221, 47, 29.57%, 0, 0, 3, 739.10, 278704, 534
490, 0, 422, 424, 221, 47, 29.57%, 0, 0, 3, 757.71, 282639, 534
495, 0, 422, 424, 221, 47, 29.57%, 0, 0, 3, 772.27, 286599, 534
500, 0, 422, 424, 221, 47, 29.57%, 0, 0, 3, 763.10, 290409, 534
506, 0, 422, 424, 221, 47, 29.57%, 0, 0, 3, 775.55, 294024, 534
511, 0, 422, 424, 221, 47, 29.57%, 0, 0, 3, 739.82, 297576, 534
516, 0, 421, 425, 221, 47, 29.57%, 0, 0, 4, 665.02, 300772, 534
521, 0, 421, 425, 221, 47, 29.57%, 0, 0, 4, 4.64, 301626, 534
526, 0, 421, 425, 221, 47, 29.57%, 0, 0, 4, 664.18, 304243, 534
531, 0, 421, 425, 221, 47, 29.57%, 0, 0, 4, 619.19, 306605, 534
536, 0, 421, 425, 221, 47, 29.57%, 0, 0, 4, 115.19, 308349, 534
542, 0, 421, 425, 221, 47, 29.57%, 0, 0, 4, 649.89, 308693, 534
547, 0, 421, 425, 221, 47, 29.57%, 0, 0, 4, 621.95, 311765, 534
552, 0, 421, 425, 221, 47, 29.57%, 0, 0, 4, 702.28, 315141, 534
557, 0, 421, 425, 221, 47, 29.57%, 0, 0, 4, 675.17, 318452, 534
562, 0, 421, 425, 221, 47, 29.57%, 0, 0, 4, 84.99, 321446, 534
567, 0, 421, 425, 221, 47, 29.57%, 0, 0, 4, 619.85, 324773, 534
572, 0, 421, 425, 221, 47, 29.57%, 0, 0, 4, 679.24, 328371, 534
577, 0, 368, 425, 220, 46, 29.57%, 0, 0, 4, 733.09, 332077, 534
582, 0, 368, 425, 220, 46, 29.57%, 0, 0, 4, 784.36, 336219, 534
588, 0, 382, 425, 219, 45, 29.57%, 0, 0, 4, 788.02, 340210, 534
593, 0, 382, 425, 219, 45, 29.57%, 0, 0, 4, 819.64, 344209, 534
598, 0, 371, 425, 218, 44, 29.57%, 0, 0, 4, 765.18, 347966, 534
603, 0, 371, 425, 218, 44, 29.57%, 0, 0, 4, 776.12, 351851, 534
608, 0, 149, 439, 231, 43, 30.34%, 0, 0, 4, 801.87, 356074, 548
613, 0, 149, 440, 232, 43, 30.40%, 0, 0, 4, 748.48, 359562, 549
618, 0, 149, 440, 232, 43, 30.40%, 0, 0, 4, 783.15, 363551, 549
624, 0, 409, 441, 232, 57, 30.40%, 0, 0, 4, 12.50, 365734, 549
629, 0, 409, 441, 232, 57, 30.40%, 0, 0, 4, 2.65, 365806, 549
634, 0, 409, 441, 232, 57, 30.40%, 0, 0, 4, 641.11, 367088, 549
639, 0, 409, 441, 232, 57, 30.40%, 0, 0, 4, 13.81, 368430, 549
644, 0, 409, 441, 232, 57, 30.40%, 0, 0, 4, 7.77, 368577, 549
649, 0, 409, 441, 232, 57, 30.40%, 0, 0, 4, 681.59, 370129, 549
654, 0, 409, 441, 232, 57, 30.40%, 0, 0, 4, 665.85, 373467, 549
659, 0, 409, 441, 232, 57, 30.40%, 0, 0, 4, 101.56, 376665, 549
664, 0, 409, 441, 232, 57, 30.40%, 0, 0, 4, 623.87, 379941, 549
669, 0, 409, 441, 232, 57, 30.40%, 0, 0, 4, 660.86, 383295, 549
674, 0, 409, 441, 232, 57, 30.40%, 0, 0, 4, 662.58, 384777, 549
680, 0, 409, 441, 232, 57, 30.40%, 0, 0, 4, 47.67, 386688, 549
685, 0, 409, 441, 232, 57, 30.40%, 0, 0, 4, 674.63, 388872, 549
690, 0, 409, 441, 232, 57, 30.40%, 0, 0, 4, 676.46, 392421, 549
695, 0, 409, 441, 232, 57, 30.40%, 0, 0, 4, 642.97, 395456, 549
700, 0, 376, 441, 231, 56, 30.40%, 0, 0, 4, 729.82, 399122, 549
705, 0, 376, 441, 231, 56, 30.40%, 0, 0, 4, 786.71, 402972, 549
710, 0, 405, 441, 230, 55, 30.40%, 0, 0, 4, 490.16, 406009, 549
715, 0, 405, 441, 230, 55, 30.40%, 0, 0, 4, 619.22, 408931, 549
721, 0, 405, 441, 230, 55, 30.40%, 0, 0, 4, 636.13, 411991, 549
726, 0, 405, 441, 230, 55, 30.40%, 0, 0, 4, 656.10, 415314, 549
731, 0, 405, 441, 230, 55, 30.40%, 0, 0, 4, 661.39, 418616, 549
738, 0, 405, 441, 230, 55, 30.40%, 0, 0, 4, 8.05, 421015, 549
743, 0, 405, 441, 230, 55, 30.40%, 0, 0, 4, 15.27, 421319, 549
748, 0, 405, 441, 230, 55, 30.40%, 0, 0, 4, 691.68, 423868, 549
753, 0, 405, 441, 230, 55, 30.40%, 0, 0, 4, 677.06, 427196, 549
758, 0, 405, 441, 230, 55, 30.40%, 0, 0, 4, 670.53, 430524, 549
763, 0, 405, 441, 230, 55, 30.40%, 0, 0, 4, 653.98, 432994, 549
769, 0, 405, 441, 230, 55, 30.40%, 0, 0, 4, 42.39, 433364, 549
774, 0, 405, 441, 230, 55, 30.40%, 0, 0, 4, 525.58, 434445, 549
779, 0, 413, 441, 229, 54, 30.40%, 0, 0, 4, 629.88, 437763, 549
784, 0, 413, 441, 229, 54, 30.40%, 0, 0, 4, 746.55, 441647, 549
789, 0, 413, 441, 229, 54, 30.40%, 0, 0, 4, 728.01, 445385, 549
794, 0, 437, 441, 229, 54, 30.40%, 0, 0, 4, 762.64, 449073, 549
799, 0, 437, 441, 229, 54, 30.40%, 0, 0, 4, 770.85, 453003, 549
804, 0, 196, 459, 246, 53, 31.51%, 0, 0, 4, 764.89, 456877, 569
809, 0, 196, 459, 246, 53, 31.51%, 0, 0, 4, 729.56, 460523, 569
814, 0, 196, 459, 246, 53, 31.51%, 0, 0, 4, 700.01, 464023, 569
819, 0, 196, 459, 246, 53, 31.51%, 0, 0, 4, 724.16, 467649, 569
824, 0, 196, 459, 246, 53, 31.51%, 0, 0, 4, 675.84, 470643, 569
830, 0, 196, 459, 246, 53, 31.51%, 0, 0, 4, 692.15, 474257, 569
835, 0, 196, 459, 246, 53, 31.51%, 0, 0, 4, 62.22, 477491, 569
840, 0, 455, 459, 245, 70, 31.51%, 0, 0, 4, 739.23, 481176, 569
845, 0, 455, 459, 245, 70, 31.51%, 0, 0, 4, 724.75, 484760, 569
850, 0, 455, 459, 245, 70, 31.51%, 0, 0, 4, 707.40, 488358, 569
855, 0, 455, 459, 245, 70, 31.51%, 0, 0, 4, 679.22, 491333, 569
860, 0, 455, 459, 245, 70, 31.51%, 0, 0, 4, 678.29, 494687, 569
865, 0, 455, 459, 245, 70, 31.51%, 0, 0, 4, 680.55, 498002, 569
870, 0, 455, 459, 245, 70, 31.51%, 0, 0, 4, 37.35, 500541, 569
876, 0, 455, 459, 245, 70, 31.51%, 0, 0, 4, 3.84, 500631, 569
881, 0, 455, 459, 245, 70, 31.51%, 0, 0, 4, 773.29, 502641, 569
886, 0, 455, 459, 245, 70, 31.51%, 0, 0, 4, 770.39, 506496, 569
891, 0, 455, 459, 245, 70, 31.51%, 0, 0, 4, 738.02, 510184, 569
896, 0, 441, 459, 244, 69, 31.51%, 0, 0, 4, 756.19, 514027, 569
901, 0, 441, 459, 244, 69, 31.51%, 0, 0, 4, 751.40, 517792, 569
906, 0, 441, 459, 244, 69, 31.51%, 0, 0, 4, 784.53, 521242, 569
912, 0, 441, 459, 244, 69, 31.51%, 0, 0, 4, 798.76, 525382, 569
917, 0, 441, 459, 244, 69, 31.51%, 0, 0, 4, 715.91, 528025, 569
922, 0, 441, 459, 244, 69, 31.51%, 0, 0, 4, 737.56, 531413, 569
927, 0, 441, 459, 244, 69, 31.51%, 0, 0, 4, 41.51, 532019, 569
932, 0, 441, 459, 244, 69, 31.51%, 0, 0, 4, 734.47, 532757, 569
937, 0, 441, 459, 244, 69, 31.51%, 0, 0, 4, 695.80, 535997, 569
942, 0, 441, 459, 244, 69, 31.51%, 0, 0, 4, 764.48, 539932, 569
947, 0, 441, 459, 244, 69, 31.51%, 0, 0, 4, 781.81, 543877, 569
952, 0, 379, 459, 243, 68, 31.51%, 0, 0, 4, 775.37, 547829, 569
957, 0, 379, 459, 243, 68, 31.51%, 0, 0, 4, 774.04, 551609, 569
962, 0, 439, 459, 242, 67, 31.51%, 0, 0, 4, 785.47, 555569, 569
967, 0, 439, 459, 242, 67, 31.51%, 0, 0, 4, 761.17, 559034, 569
972, 0, 443, 459, 241, 66, 31.51%, 0, 0, 4, 10.53, 560920, 569
977, 0, 443, 459, 241, 66, 31.51%, 0, 0, 4, 780.91, 561534, 569
983, 0, 443, 459, 241, 66, 31.51%, 0, 0, 4, 739.98, 565149, 569
988, 0, 443, 459, 241, 66, 31.51%, 0, 0, 4, 678.12, 568333, 569
993, 0, 443, 459, 241, 66, 31.51%, 0, 0, 4, 760.00, 570913, 569
998, 0, 443, 459, 241, 66, 31.51%, 0, 0, 4, 50.96, 574185, 569
1004, 0, 443, 459, 241, 66, 31.51%, 0, 0, 4, 379.26, 574991, 569
1009, 0, 443, 459, 241, 66, 31.51%, 0, 0, 4, 709.33, 579107, 569
1014, 0, 443, 459, 241, 66, 31.51%, 0, 0, 4, 767.89, 583044, 569
1019, 0, 386, 459, 240, 65, 31.51%, 0, 0, 4, 760.24, 587046, 569
1024, 0, 386, 459, 240, 65, 31.51%, 0, 0, 4, 701.23, 590544, 569
1029, 0, 386, 460, 241, 65, 31.67%, 0, 0, 4, 711.35, 593912, 572
1034, 0, 386, 460, 241, 65, 31.67%, 0, 0, 4, 718.67, 597566, 572
1039, 0, 386, 460, 241, 65, 31.67%, 0, 0, 4, 720.26, 601220, 572
1044, 0, 386, 460, 241, 65, 31.67%, 0, 0, 4, 698.17, 604716, 572
1050, 0, 386, 460, 241, 65, 31.67%, 0, 0, 4, 701.48, 608192, 572
1055, 0, 428, 460, 240, 65, 31.67%, 0, 0, 4, 746.63, 611865, 572
1060, 0, 428, 460, 240, 65, 31.67%, 0, 0, 4, 791.38, 615828, 572
1065, 0, 428, 460, 240, 65, 31.67%, 0, 0, 4, 788.59, 619263, 572
1070, 0, 428, 460, 240, 65, 31.67%, 0, 0, 4, 715.32, 622757, 572
1075, 0, 428, 460, 240, 65, 31.67%, 0, 0, 4, 814.18, 625311, 572
1080, 0, 428, 460, 240, 65, 31.67%, 0, 0, 4, 731.15, 628245, 572
1085, 0, 428, 460, 240, 65, 31.67%, 0, 0, 4, 780.44, 632399, 572
1090, 0, 211, 460, 239, 64, 31.67%, 0, 0, 4, 37.97, 634818, 572
1095, 0, 211, 460, 239, 64, 31.67%, 0, 0, 4, 55.39, 635039, 572
1101, 0, 211, 460, 239, 64, 31.67%, 0, 0, 4, 98.41, 635466, 572
1106, 0, 211, 460, 239, 64, 31.67%, 0, 0, 4, 101.87, 635951, 572
1111, 0, 211, 460, 239, 64, 31.67%, 0, 0, 4, 73.87, 636345, 572
1116, 0, 211, 460, 239, 64, 31.67%, 0, 0, 4, 98.54, 636698, 572
1121, 0, 211, 460, 239, 64, 31.67%, 0, 0, 4, 105.39, 637239, 572
1126, 0, 211, 460, 239, 64, 31.67%, 0, 0, 4, 101.65, 637747, 572
1131, 0, 211, 461, 240, 64, 31.67%, 0, 0, 4, 109.06, 638301, 572
1136, 0, 211, 461, 240, 64, 31.67%, 0, 0, 4, 98.08, 638699, 572
1141, 0, 211, 461, 240, 64, 31.67%, 0, 0, 4, 104.23, 639163, 572
1146, 0, 211, 461, 240, 64, 31.67%, 0, 0, 4, 69.65, 639549, 572
1152, 0, 211, 461, 240, 64, 31.67%, 0, 0, 4, 57.30, 639675, 572
1157, 0, 211, 461, 240, 64, 31.67%, 0, 0, 4, 86.62, 640108, 572
1162, 0, 211, 461, 240, 64, 31.67%, 0, 0, 4, 101.09, 640649, 572
1167, 0, 211, 461, 240, 64, 31.67%, 0, 0, 4, 108.11, 641197, 572
1172, 0, 211, 461, 240, 64, 31.67%, 0, 0, 4, 107.00, 641751, 572
1177, 0, 211, 461, 240, 64, 31.67%, 0, 0, 4, 107.00, 642301, 572
1182, 0, 211, 461, 240, 64, 31.67%, 0, 0, 4, 107.37, 642851, 572
1188, 0, 211, 461, 240, 64, 31.67%, 0, 0, 4, 107.85, 643405, 572
1193, 0, 211, 461, 240, 64, 31.67%, 0, 0, 4, 107.84, 643877, 572
1198, 0, 211, 461, 240, 64, 31.67%, 0, 0, 4, 9.87, 644199, 572
1203, 0, 211, 461, 240, 64, 31.67%, 0, 0, 4, 103.21, 644719, 572
1208, 0, 211, 461, 240, 64, 31.67%, 0, 0, 4, 98.48, 645157, 572
1213, 0, 211, 461, 240, 64, 31.67%, 0, 0, 4, 100.10, 645687, 572
1218, 0, 211, 461, 240, 64, 31.67%, 0, 0, 4, 102.60, 646215, 572
1223, 0, 211, 461, 240, 64, 31.67%, 0, 0, 4, 101.46, 646735, 572
1230, 0, 211, 461, 240, 64, 31.67%, 0, 0, 4, 3.60, 647063, 572
1236, 0, 211, 461, 240, 64, 31.67%, 0, 0, 4, 8.84, 647519, 572
1241, 0, 211, 461, 240, 64, 31.67%, 0, 0, 4, 8.71, 647670, 572
1248, 0, 211, 461, 240, 64, 31.67%, 0, 0, 4, 2.30, 647713, 572
1253, 0, 211, 461, 240, 64, 31.67%, 0, 0, 4, 23.80, 647819, 572
1258, 0, 211, 461, 240, 64, 31.67%, 0, 0, 4, 73.17, 647956, 572
1263, 0, 211, 461, 240, 64, 31.67%, 0, 0, 4, 95.82, 648423, 572
1268, 0, 211, 461, 240, 64, 31.67%, 0, 0, 4, 106.68, 648985, 572
1273, 0, 211, 461, 240, 64, 31.67%, 0, 0, 4, 108.89, 649541, 572
1278, 0, 211, 461, 240, 64, 31.67%, 0, 0, 4, 106.72, 650091, 572
1284, 0, 211, 461, 240, 64, 31.67%, 0, 0, 4, 108.02, 650653, 572
1289, 0, 211, 461, 240, 64, 31.67%, 0, 0, 4, 102.21, 651135, 572
1294, 0, 211, 461, 240, 64, 31.67%, 0, 0, 4, 103.90, 651631, 572
1299, 0, 211, 461, 240, 64, 31.67%, 0, 0, 4, 101.94, 652143, 572
1304, 0, 211, 461, 240, 64, 31.67%, 0, 0, 4, 105.67, 652681, 572
1309, 0, 211, 461, 240, 64, 31.67%, 0, 0, 4, 106.03, 653221, 572
1314, 0, 211, 461, 240, 64, 31.67%, 0, 0, 4, 108.41, 653773, 572
1319, 0, 211, 461, 240, 64, 31.67%, 0, 0, 4, 110.18, 654329, 572
1324, 0, 211, 461, 240, 64, 31.67%, 0, 0, 4, 110.13, 654883, 572
1329, 0, 211, 461, 240, 64, 31.67%, 0, 0, 4, 109.93, 655433, 572
1335, 0, 211, 461, 240, 64, 31.67%, 0, 0, 4, 10.41, 655644, 572
1340, 0, 211, 461, 240, 64, 31.67%, 0, 0, 4, 96.45, 656134, 572
1345, 0, 211, 461, 240, 64, 31.67%, 0, 0, 4, 104.66, 656581, 572
1350, 0, 211, 461, 240, 64, 31.67%, 0, 0, 4, 109.99, 657099, 572
1355, 0, 211, 461, 240, 64, 31.67%, 0, 0, 4, 102.77, 657605, 572
1360, 0, 211, 461, 240, 64, 31.67%, 0, 0, 4, 107.76, 658171, 572
1366, 0, 211, 461, 240, 64, 31.67%, 0, 0, 4, 103.60, 658671, 572
1371, 0, 211, 461, 240, 64, 31.67%, 0, 0, 4, 109.21, 659233, 572
1376, 0, 211, 461, 240, 64, 31.67%, 0, 0, 4, 18.24, 659737, 572
1382, 0, 211, 461, 240, 64, 31.67%, 0, 0, 4, 31.14, 659829, 572
1387, 0, 211, 461, 240, 64, 31.67%, 0, 0, 4, 3.74, 659888, 572
1392, 0, 211, 461, 240, 64, 31.67%, 0, 0, 4, 102.32, 660093, 572
1397, 0, 211, 461, 240, 64, 31.67%, 0, 0, 4, 99.97, 660589, 572
1402, 0, 211, 461, 240, 64, 31.67%, 0, 0, 4, 105.35, 661141, 572
1407, 0, 211, 461, 240, 64, 31.67%, 0, 0, 4, 101.02, 661625, 572
1413, 0, 211, 461, 240, 64, 31.67%, 0, 0, 4, 106.91, 662185, 572
1418, 0, 211, 461, 240, 64, 31.67%, 0, 0, 4, 110.89, 662771, 572
1423, 0, 211, 461, 240, 64, 31.67%, 0, 0, 4, 31.90, 663007, 572
1429, 0, 211, 461, 240, 64, 31.67%, 0, 0, 4, 80.58, 663375, 572
1434, 0, 211, 461, 240, 64, 31.67%, 0, 0, 4, 105.39, 663959, 572
1439, 0, 211, 461, 240, 64, 31.67%, 0, 0, 4, 107.58, 664509, 572
1444, 0, 211, 461, 240, 64, 31.67%, 0, 0, 4, 96.57, 664924, 572
1449, 0, 211, 461, 240, 64, 31.67%, 0, 0, 4, 108.84, 665383, 572
1454, 0, 211, 461, 240, 64, 31.67%, 0, 0, 4, 22.64, 665780, 572
1460, 0, 211, 461, 240, 64, 31.67%, 0, 0, 4, 8.31, 665823, 572
1465, 0, 211, 461, 240, 64, 31.67%, 0, 0, 4, 41.83, 665940, 572
1470, 0, 211, 461, 240, 64, 31.67%, 0, 0, 4, 113.29, 666151, 572
1475, 0, 211, 461, 240, 64, 31.67%, 0, 0, 4, 110.19, 666663, 572
1480, 0, 211, 461, 240, 64, 31.67%, 0, 0, 4, 105.82, 667159, 572
1485, 0, 394, 461, 239, 63, 31.67%, 0, 0, 4, 7.84, 667512, 572
1490, 0, 394, 461, 239, 63, 31.67%, 0, 0, 4, 639.49, 668179, 572
1496, 0, 394, 461, 239, 63, 31.67%, 0, 0, 4, 717.95, 671247, 572
1501, 0, 394, 461, 239, 63, 31.67%, 0, 0, 4, 706.76, 674831, 572
1506, 0, 394, 461, 239, 63, 31.67%, 0, 0, 4, 712.18, 678415, 572
1511, 0, 394, 461, 239, 63, 31.67%, 0, 0, 4, 701.88, 681929, 572
1516, 0, 394, 461, 239, 63, 31.67%, 0, 0, 4, 703.99, 685541, 572
1521, 0, 394, 461, 239, 63, 31.67%, 0, 0, 4, 708.56, 689181, 572
1526, 0, 394, 461, 239, 63, 31.67%, 0, 0, 4, 584.56, 692098, 572
1531, 0, 394, 461, 239, 63, 31.67%, 0, 0, 4, 684.51, 695750, 572
1536, 0, 394, 461, 239, 63, 31.67%, 0, 0, 4, 659.19, 699130, 572
1541, 0, 367, 461, 238, 63, 31.67%, 0, 0, 4, 781.61, 703136, 572
1547, 0, 367, 461, 238, 63, 31.67%, 0, 0, 4, 759.61, 707156, 572
1552, 0, 436, 461, 237, 62, 31.67%, 0, 0, 4, 767.40, 710846, 572
1557, 0, 436, 461, 237, 62, 31.67%, 0, 0, 4, 798.03, 714446, 572
1562, 0, 197, 465, 240, 61, 31.89%, 0, 0, 4, 795.48, 718587, 576
1567, 0, 197, 465, 240, 61, 31.89%, 0, 0, 4, 776.18, 722472, 576
1572, 0, 408, 465, 239, 62, 31.89%, 0, 0, 4, 738.22, 726057, 576
1578, 0, 408, 465, 239, 62, 31.89%, 0, 0, 4, 22.57, 727729, 576
1584, 0, 408, 465, 239, 62, 31.89%, 0, 0, 4, 1.53, 727776, 576
1589, 0, 408, 465, 239, 62, 31.89%, 0, 0, 4, 57.85, 727893, 576
1594, 0, 408, 465, 239, 62, 31.89%, 0, 0, 4, 18.69, 728022, 576
1599, 0, 408, 465, 239, 62, 31.89%, 0, 0, 4, 39.28, 728243, 576
1604, 0, 408, 465, 239, 62, 31.89%, 0, 0, 4, 10.39, 728885, 576
1609, 0, 408, 465, 239, 62, 31.89%, 0, 0, 4, 659.17, 731693, 576
1614, 0, 408, 465, 239, 62, 31.89%, 0, 0, 4, 655.72, 735060, 576
1620, 0, 408, 465, 239, 62, 31.89%, 0, 0, 4, 684.30, 738648, 576
1625, 0, 408, 465, 239, 62, 31.89%, 0, 0, 4, 670.57, 742067, 576
1630, 0, 408, 465, 239, 62, 31.89%, 0, 0, 4, 665.74, 745473, 576
1635, 0, 408, 465, 239, 62, 31.89%, 0, 0, 4, 653.73, 747891, 576
1640, 0, 408, 465, 239, 62, 31.89%, 0, 0, 4, 686.90, 751466, 576
1645, 0, 408, 465, 239, 62, 31.89%, 0, 0, 4, 697.55, 755067, 576
1650, 0, 426, 465, 238, 61, 31.89%, 0, 0, 4, 704.57, 758306, 576
1655, 0, 426, 465, 238, 61, 31.89%, 0, 0, 4, 780.00, 762012, 576
1661, 0, 426, 465, 238, 61, 31.89%, 0, 0, 4, 766.04, 765764, 576
1666, 0, 435, 465, 237, 60, 31.89%, 0, 0, 4, 778.22, 769694, 576
1671, 0, 435, 465, 237, 60, 31.89%, 0, 0, 4, 773.27, 773624, 576
1676, 0, 463, 465, 236, 59, 31.89%, 0, 0, 4, 778.60, 777543, 576
1681, 0, 463, 465, 236, 59, 31.89%, 0, 0, 4, 735.56, 781338, 576
1686, 0, 463, 465, 236, 59, 31.89%, 0, 0, 4, 68.38, 782451, 576
1691, 0, 417, 465, 235, 58, 31.89%, 0, 0, 4, 498.57, 783077, 576
1696, 0, 417, 465, 235, 58, 31.89%, 0, 0, 4, 81.50, 784004, 576
1702, 0, 417, 465, 235, 58, 31.89%, 0, 0, 4, 53.17, 784729, 576
1708, 0, 417, 465, 235, 58, 31.89%, 0, 0, 4, 14.66, 784929, 576
1713, 0, 417, 465, 235, 58, 31.89%, 0, 0, 4, 11.24, 784988, 576
1719, 0, 417, 465, 235, 58, 31.89%, 0, 0, 4, 16.80, 785135, 576
1724, 0, 417, 465, 235, 58, 31.89%, 0, 0, 4, 468.08, 786785, 576
1729, 0, 417, 465, 235, 58, 31.89%, 0, 0, 4, 638.09, 790184, 576
1734, 0, 417, 465, 235, 58, 31.89%, 0, 0, 4, 615.96, 793112, 576
1739, 0, 417, 465, 235, 58, 31.89%, 0, 0, 4, 620.43, 796022, 576
1746, 0, 417, 465, 235, 58, 31.89%, 0, 0, 4, 5.32, 798668, 576
1752, 0, 417, 465, 235, 58, 31.89%, 0, 0, 4, 31.16, 801027, 576
1757, 0, 417, 465, 235, 58, 31.89%, 0, 0, 4, 28.35, 801137, 576
1762, 0, 417, 465, 235, 58, 31.89%, 0, 0, 4, 688.25, 802938, 576
1767, 0, 417, 465, 235, 58, 31.89%, 0, 0, 4, 692.91, 806552, 576
1772, 0, 417, 465, 235, 58, 31.89%, 0, 0, 4, 695.98, 810140, 576
1778, 0, 417, 465, 235, 58, 31.89%, 0, 0, 4, 692.63, 813715, 576
1783, 0, 396, 465, 234, 57, 31.89%, 0, 0, 4, 645.16, 817047, 576
1788, 0, 396, 465, 234, 57, 31.89%, 0, 0, 4, 10.22, 819379, 576
1793, 0, 396, 465, 234, 57, 31.89%, 0, 0, 4, 10.36, 819445, 576
1798, 0, 396, 465, 234, 57, 31.89%, 0, 0, 4, 711.10, 820648, 576
1803, 0, 396, 465, 234, 57, 31.89%, 0, 0, 4, 631.84, 823069, 576
1808, 0, 396, 465, 234, 57, 31.89%, 0, 0, 4, 608.57, 825138, 576
1814, 0, 396, 465, 234, 57, 31.89%, 0, 0, 4, 3.17, 826582, 576
1819, 0, 396, 465, 234, 57, 31.89%, 0, 0, 4, 653.22, 829218, 576
1824, 0, 396, 465, 234, 57, 31.89%, 0, 0, 4, 699.79, 832868, 576
1829, 0, 396, 465, 234, 57, 31.89%, 0, 0, 4, 697.79, 836398, 576
1834, 0, 396, 465, 234, 57, 31.89%, 0, 0, 4, 705.02, 839940, 576
1839, 0, 396, 465, 234, 57, 31.89%, 0, 0, 4, 709.45, 843566, 576
1844, 0, 396, 465, 234, 57, 31.89%, 0, 0, 4, 719.80, 847248, 576
1849, 0, 382, 465, 233, 56, 31.89%, 0, 0, 4, 792.14, 851393, 576
1855, 0, 382, 465, 233, 56, 31.89%, 0, 0, 4, 779.02, 855458, 576
1860, 0, 410, 465, 233, 56, 31.89%, 0, 0, 4, 74.41, 859285, 576
1865, 0, 410, 465, 233, 56, 31.89%, 0, 0, 4, 790.68, 863252, 576
1870, 0, 444, 465, 232, 55, 31.89%, 0, 0, 4, 742.41, 866665, 576
1875, 0, 444, 466, 233, 55, 31.89%, 0, 0, 4, 745.11, 870373, 576
1881, 0, 444, 466, 233, 55, 31.89%, 0, 0, 4, 152.07, 873683, 576
1886, 0, 444, 466, 233, 55, 31.89%, 0, 0, 4, 4.55, 873944, 576
1891, 0, 444, 466, 233, 55, 31.89%, 0, 0, 4, 3.82, 874082, 576
1896, 0, 444, 466, 233, 55, 31.89%, 0, 0, 4, 44.67, 876177, 576
1901, 0, 444, 466, 233, 55, 31.89%, 0, 0, 4, 591.60, 879615, 576
1907, 0, 444, 466, 233, 55, 31.89%, 0, 0, 4, 69.84, 881194, 576
1912, 0, 444, 466, 233, 55, 31.89%, 0, 0, 4, 775.09, 884538, 576
1917, 0, 444, 466, 233, 55, 31.89%, 0, 0, 4, 783.70, 888483, 576
1922, 0, 401, 466, 232, 54, 31.89%, 0, 0, 4, 688.34, 891950, 576
1927, 0, 401, 466, 232, 54, 31.89%, 0, 0, 4, 636.10, 895112, 576
1933, 0, 401, 466, 232, 54, 31.89%, 0, 0, 4, 644.41, 898196, 576
1938, 0, 401, 466, 232, 54, 31.89%, 0, 0, 4, 567.46, 900495, 576
1943, 0, 401, 466, 232, 54, 31.89%, 0, 0, 4, 578.99, 902804, 576
1948, 0, 401, 466, 232, 54, 31.89%, 0, 0, 4, 124.00, 904606, 576
1954, 0, 401, 466, 232, 54, 31.89%, 0, 0, 4, 154.78, 905141, 576
1959, 0, 401, 466, 232, 54, 31.89%, 0, 0, 4, 605.95, 906296, 576
1964, 0, 401, 466, 232, 54, 31.89%, 0, 0, 4, 94.89, 907942, 576
1969, 0, 401, 466, 232, 54, 31.89%, 0, 0, 4, 6.53, 910480, 576
1974, 0, 401, 466, 232, 54, 31.89%, 0, 0, 4, 486.52, 912476, 576
1980, 0, 401, 466, 232, 54, 31.89%, 0, 0, 4, 369.19, 914623, 576
1985, 0, 401, 466, 232, 54, 31.89%, 0, 0, 4, 542.24, 917470, 576
1990, 0, 401, 466, 232, 54, 31.89%, 0, 0, 4, 552.72, 920482, 576
1995, 0, 203, 466, 231, 53, 31.89%, 0, 0, 4, 34.97, 922012, 576
2000, 0, 203, 466, 231, 53, 31.89%, 0, 0, 4, 47.11, 922798, 576
2005, 0, 203, 466, 231, 53, 31.89%, 0, 0, 4, 232.92, 923746, 576
2010, 0, 203, 466, 231, 53, 31.89%, 0, 0, 4, 51.80, 924670, 576
2016, 0, 203, 466, 231, 53, 31.89%, 0, 0, 4, 92.15, 925640, 576
2021, 0, 203, 466, 231, 53, 31.89%, 0, 0, 4, 81.04, 925948, 576
2027, 0, 203, 466, 231, 53, 31.89%, 0, 0, 4, 12.76, 926220, 576
2032, 0, 203, 466, 231, 53, 31.89%, 0, 0, 4, 9.35, 926552, 576
2037, 0, 203, 466, 231, 53, 31.89%, 0, 0, 4, 766.94, 928263, 576
2042, 0, 392, 466, 230, 52, 31.89%, 0, 0, 4, 724.49, 931970, 576
2047, 0, 392, 466, 230, 52, 31.89%, 0, 0, 4, 660.80, 933437, 576
2052, 0, 392, 466, 230, 52, 31.89%, 0, 0, 4, 668.23, 936856, 576
2057, 0, 392, 466, 230, 52, 31.89%, 0, 0, 4, 682.37, 940288, 576
2062, 0, 392, 466, 230, 52, 31.89%, 0, 0, 4, 42.00, 942875, 576
2067, 0, 392, 466, 230, 52, 31.89%, 0, 0, 4, 4.59, 942944, 576
2072, 0, 392, 466, 230, 52, 31.89%, 0, 0, 4, 579.21, 943179, 576
2078, 0, 392, 466, 230, 52, 31.89%, 0, 0, 4, 21.40, 944006, 576
2083, 0, 392, 466, 230, 52, 31.89%, 0, 0, 4, 18.17, 944076, 576
2088, 0, 392, 466, 230, 52, 31.89%, 0, 0, 4, 52.64, 944208, 576
2095, 0, 392, 466, 230, 52, 31.89%, 0, 0, 4, 11.01, 944398, 576
2100, 0, 392, 466, 230, 52, 31.89%, 0, 0, 4, 1.52, 944487, 576
2105, 0, 392, 466, 230, 52, 31.89%, 0, 0, 4, 651.25, 947824, 576
2111, 0, 392, 466, 230, 52, 31.89%, 0, 0, 4, 651.19, 951312, 576
2116, 0, 392, 466, 230, 52, 31.89%, 0, 0, 4, 670.00, 954202, 576
2121, 0, 392, 466, 230, 52, 31.89%, 0, 0, 4, 670.05, 957565, 576
2126, 0, 392, 466, 230, 52, 31.89%, 0, 0, 4, 688.48, 960620, 576
2131, 0, 392, 466, 230, 52, 31.89%, 0, 0, 4, 4.50, 962170, 576
2136, 0, 392, 466, 230, 52, 31.89%, 0, 0, 4, 19.35, 962311, 576
2142, 0, 411, 466, 229, 51, 31.89%, 0, 0, 4, 628.98, 963442, 576
2147, 0, 411, 466, 229, 51, 31.89%, 0, 0, 4, 808.50, 967418, 576
2152, 0, 411, 467, 229, 50, 31.89%, 0, 0, 4, 794.34, 971318, 576
2157, 0, 477, 482, 244, 52, 32.06%, 0, 0, 4, 612.28, 972506, 579
2162, 0, 477, 482, 244, 52, 32.06%, 0, 0, 4, 45.58, 975045, 579
2167, 0, 477, 482, 244, 52, 32.06%, 0, 0, 4, 26.29, 975110, 579
2172, 0, 477, 482, 244, 52, 32.06%, 0, 0, 4, 649.29, 977810, 579
2177, 0, 477, 482, 244, 52, 32.06%, 0, 0, 4, 628.50, 981086, 579
2182, 0, 477, 482, 244, 52, 32.06%, 0, 0, 4, 620.75, 984266, 579
2187, 0, 477, 482, 244, 52, 32.06%, 0, 0, 4, 676.18, 987368, 579
2193, 0, 477, 482, 244, 52, 32.06%, 0, 0, 4, 85.53, 990462, 579
2198, 0, 477, 482, 244, 52, 32.06%, 0, 0, 4, 2.57, 990643, 579
2203, 0, 477, 482, 244, 52, 32.06%, 0, 0, 4, 38.03, 990773, 579
2208, 0, 477, 482, 244, 52, 32.06%, 0, 0, 4, 93.43, 990897, 579
2214, 0, 477, 482, 244, 52, 32.06%, 0, 0, 4, 695.72, 994544, 579
2219, 0, 477, 482, 244, 52, 32.06%, 0, 0, 4, 689.07, 997924, 579
2224, 0, 477, 482, 244, 52, 32.06%, 0, 0, 4, 682.68, 1001304, 579
2229, 0, 477, 482, 244, 52, 32.06%, 0, 0, 4, 35.99, 1002238, 579
2234, 0, 477, 482, 244, 52, 32.06%, 0, 0, 4, 44.79, 1002455, 579
2240, 0, 474, 483, 244, 51, 32.06%, 0, 0, 4, 734.10, 1005863, 579
2245, 0, 474, 483, 244, 51, 32.06%, 0, 0, 4, 758.42, 1009736, 579
2250, 0, 473, 483, 243, 50, 32.06%, 0, 0, 4, 797.04, 1013921, 579
2255, 0, 473, 484, 244, 50, 32.06%, 0, 0, 4, 798.21, 1017934, 579
2260, 0, 453, 484, 243, 49, 32.06%, 0, 0, 4, 804.50, 1022054, 579
2265, 0, 453, 484, 243, 49, 32.06%, 0, 0, 4, 808.22, 1026246, 579
2270, 0, 453, 484, 243, 49, 32.06%, 0, 0, 4, 261.22, 1028482, 579
2275, 0, 453, 484, 243, 49, 32.06%, 0, 0, 4, 250.11, 1030457, 579
2281, 0, 453, 484, 243, 49, 32.06%, 0, 0, 4, 43.99, 1032198, 579
2286, 0, 453, 484, 243, 49, 32.06%, 0, 0, 4, 514.40, 1034282, 579
2291, 0, 453, 484, 243, 49, 32.06%, 0, 0, 4, 35.85, 1035059, 579
2296, 0, 453, 484, 243, 49, 32.06%, 0, 0, 4, 564.75, 1035859, 579
2301, 0, 453, 484, 243, 49, 32.06%, 0, 0, 4, 478.75, 1037688, 579
2307, 0, 453, 484, 243, 49, 32.06%, 0, 0, 4, 756.22, 1039622, 579
2312, 0, 453, 484, 243, 49, 32.06%, 0, 0, 4, 760.18, 1043337, 579
2317, 0, 14, 484, 242, 48, 32.06%, 0, 0, 4, 746.77, 1047129, 579
2322, 0, 14, 484, 242, 48, 32.06%, 0, 0, 4, 746.31, 1050894, 579
2327, 0, 14, 484, 242, 48, 32.06%, 0, 0, 4, 63.93, 1053776, 579
2332, 0, 14, 484, 242, 48, 32.06%, 0, 0, 4, 279.62, 1055109, 579
2337, 0, 14, 484, 242, 48, 32.06%, 0, 0, 4, 591.16, 1058242, 579
2342, 0, 14, 484, 242, 48, 32.06%, 0, 0, 4, 669.98, 1061582, 579
2347, 0, 14, 484, 242, 48, 32.06%, 0, 0, 4, 728.39, 1065427, 579
2352, 0, 14, 484, 242, 48, 32.06%, 0, 0, 4, 720.39, 1068997, 579
2357, 0, 456, 484, 241, 47, 32.06%, 0, 0, 4, 710.36, 1072541, 579
2362, 0, 456, 484, 241, 47, 32.06%, 0, 0, 4, 679.72, 1074576, 579
2367, 0, 456, 484, 241, 47, 32.06%, 0, 0, 4, 52.08, 1077527, 579
2373, 0, 456, 484, 241, 47, 32.06%, 0, 0, 4, 488.69, 1079721, 579
2378, 0, 456, 484, 241, 47, 32.06%, 0, 0, 4, 575.22, 1081300, 579
2383, 0, 456, 484, 241, 47, 32.06%, 0, 0, 4, 463.09, 1082979, 579
2388, 0, 456, 484, 241, 47, 32.06%, 0, 0, 4, 37.68, 1084441, 579
2393, 0, 456, 484, 241, 47, 32.06%, 0, 0, 4, 2.88, 1084687, 579
2398, 0, 456, 484, 241, 47, 32.06%, 0, 0, 4, 93.68, 1084847, 579
2404, 0, 456, 484, 241, 47, 32.06%, 0, 0, 4, 4.84, 1085145, 579
2409, 0, 456, 484, 241, 47, 32.06%, 0, 0, 4, 771.61, 1087491, 579
2414, 0, 456, 484, 241, 47, 32.06%, 0, 0, 4, 803.44, 1091643, 579
2419, 0, 456, 484, 241, 47, 32.06%, 0, 0, 4, 816.11, 1095835, 579
2425, 0, 456, 484, 241, 47, 32.06%, 0, 0, 4, 5.43, 1098579, 579
2431, 0, 456, 484, 241, 47, 32.06%, 0, 0, 4, 2.33, 1098678, 579
2436, 0, 456, 484, 241, 47, 32.06%, 0, 0, 4, 69.75, 1098849, 579
2441, 0, 456, 484, 241, 47, 32.06%, 0, 0, 4, 779.82, 1102476, 579
2446, 0, 458, 484, 240, 46, 32.06%, 0, 0, 4, 789.07, 1106390, 579
2451, 0, 458, 484, 240, 46, 32.06%, 0, 0, 4, 644.59, 1109971, 579
2456, 0, 458, 484, 240, 46, 32.06%, 0, 0, 4, 592.57, 1112506, 579
2461, 0, 458, 484, 240, 46, 32.06%, 0, 0, 4, 582.26, 1115289, 579
2466, 0, 458, 484, 240, 46, 32.06%, 0, 0, 4, 576.35, 1117640, 579
2471, 0, 458, 484, 240, 46, 32.06%, 0, 0, 4, 49.40, 1118872, 579
2477, 0, 458, 484, 240, 46, 32.06%, 0, 0, 4, 3.16, 1118920, 579
2482, 0, 458, 484, 240, 46, 32.06%, 0, 0, 4, 291.08, 1119354, 579
2487, 0, 458, 484, 240, 46, 32.06%, 0, 0, 4, 128.38, 1119678, 579
2493, 0, 458, 484, 240, 46, 32.06%, 0, 0, 4, 6.55, 1119846, 579
2499, 0, 458, 484, 240, 46, 32.06%, 0, 0, 4, 15.84, 1119980, 579
2504, 0, 458, 484, 240, 46, 32.06%, 0, 0, 4, 79.50, 1120239, 579
2509, 0, 458, 484, 240, 46, 32.06%, 0, 0, 4, 805.25, 1123773, 579
2515, 0, 458, 484, 240, 46, 32.06%, 0, 0, 4, 56.47, 1127245, 579
2520, 0, 458, 484, 240, 46, 32.06%, 0, 0, 4, 818.73, 1130925, 579
2526, 0, 458, 484, 240, 46, 32.06%, 0, 0, 4, 8.02, 1131951, 579
2531, 0, 458, 484, 240, 46, 32.06%, 0, 0, 4, 9.69, 1132073, 579
2536, 0, 458, 484, 240, 46, 32.06%, 0, 0, 4, 9.55, 1132173, 579
2541, 0, 458, 484, 240, 46, 32.06%, 0, 0, 4, 775.82, 1135430, 579
2546, 0, 393, 485, 240, 45, 32.06%, 0, 0, 4, 721.45, 1138860, 579
2551, 0, 393, 485, 240, 45, 32.06%, 0, 0, 4, 639.11, 1141937, 579
2556, 0, 393, 485, 240, 45, 32.06%, 0, 0, 4, 21.36, 1142000, 579
2562, 0, 393, 485, 240, 45, 32.06%, 0, 0, 4, 5.79, 1142139, 579
2567, 0, 393, 485, 240, 45, 32.06%, 0, 0, 4, 52.03, 1142336, 579
2572, 0, 393, 485, 240, 45, 32.06%, 0, 0, 4, 7.19, 1142498, 579
2577, 0, 393, 485, 240, 45, 32.06%, 0, 0, 4, 651.63, 1145766, 579
2582, 0, 393, 485, 240, 45, 32.06%, 0, 0, 4, 684.16, 1149321, 579
2588, 0, 393, 485, 240, 45, 32.06%, 0, 0, 4, 704.27, 1152972, 579
2593, 0, 393, 485, 240, 45, 32.06%, 0, 0, 4, 709.93, 1156556, 579
2598, 0, 393, 485, 240, 45, 32.06%, 0, 0, 4, 706.50, 1160168, 579
2603, 0, 393, 485, 240, 45, 32.06%, 0, 0, 4, 4.73, 1160248, 579
2608, 0, 393, 485, 240, 45, 32.06%, 0, 0, 4, 661.47, 1161905, 579
2613, 0, 393, 485, 240, 45, 32.06%, 0, 0, 4, 686.49, 1165454, 579
2618, 0, 451, 485, 239, 45, 32.06%, 0, 0, 4, 727.32, 1169105, 579
2623, 0, 451, 485, 239, 45, 32.06%, 0, 0, 4, 779.19, 1173031, 579
2628, 0, 451, 485, 239, 45, 32.06%, 0, 0, 4, 49.55, 1176671, 579
2633, 0, 451, 485, 239, 45, 32.06%, 0, 0, 4, 817.86, 1180675, 579
2638, 0, 451, 485, 239, 45, 32.06%, 0, 0, 4, 824.47, 1184883, 579
2644, 0, 451, 485, 239, 45, 32.06%, 0, 0, 4, 821.00, 1189075, 579
2649, 0, 451, 485, 239, 45, 32.06%, 0, 0, 4, 824.32, 1193299, 579
2654, 0, 451, 485, 239, 45, 32.06%, 0, 0, 4, 819.39, 1197491, 579
2659, 0, 451, 485, 239, 45, 32.06%, 0, 0, 4, 829.03, 1200563, 579
2664, 0, 446, 485, 238, 44, 32.06%, 0, 0, 4, 745.34, 1204263, 579
2669, 0, 446, 485, 238, 44, 32.06%, 0, 0, 4, 759.28, 1207995, 579
2674, 0, 446, 485, 238, 44, 32.06%, 0, 0, 4, 797.78, 1211670, 579
2679, 0, 446, 485, 238, 44, 32.06%, 0, 0, 4, 772.72, 1215000, 579
2685, 0, 446, 485, 238, 44, 32.06%, 0, 0, 4, 719.44, 1218403, 579
2690, 0, 446, 485, 238, 44, 32.06%, 0, 0, 4, 14.13, 1220420, 579
2695, 0, 446, 485, 238, 44, 32.06%, 0, 0, 4, 11.08, 1220442, 579
2700, 0, 446, 485, 238, 44, 32.06%, 0, 0, 4, 674.18, 1223543, 579
2705, 0, 446, 485, 238, 44, 32.06%, 0, 0, 4, 648.32, 1226625, 579
2710, 0, 446, 485, 238, 44, 32.06%, 0, 0, 4, 772.17, 1230690, 579
2716, 0, 369, 485, 237, 43, 32.06%, 0, 0, 4, 741.21, 1234657, 579
2721, 0, 369, 485, 237, 43, 32.06%, 0, 0, 4, 590.46, 1237477, 579
2726, 0, 369, 485, 237, 43, 32.06%, 0, 0, 4, 555.72, 1240194, 579
2731, 0, 369, 485, 237, 43, 32.06%, 0, 0, 4, 85.48, 1242232, 579
2736, 0, 432, 485, 236, 42, 32.06%, 0, 0, 4, 27.21, 1242811, 579
2741, 0, 432, 485, 236, 42, 32.06%, 0, 0, 4, 685.19, 1244969, 579
2746, 0, 432, 485, 236, 42, 32.06%, 0, 0, 4, 752.01, 1248850, 579
2752, 0, 410, 485, 235, 41, 32.06%, 0, 0, 4, 776.28, 1252764, 579
2757, 0, 410, 485, 235, 41, 32.06%, 0, 0, 4, 742.21, 1256258, 579
2762, 0, 452, 485, 235, 41, 32.06%, 0, 0, 4, 772.01, 1259989, 579
2767, 0, 452, 485, 235, 41, 32.06%, 0, 0, 4, 494.44, 1261402, 579
2772, 0, 452, 485, 235, 41, 32.06%, 0, 0, 4, 120.48, 1264669, 579
2777, 0, 452, 485, 235, 41, 32.06%, 0, 0, 4, 220.00, 1264859, 579
2782, 0, 452, 485, 235, 41, 32.06%, 0, 0, 4, 640.39, 1268719, 579
2787, 0, 452, 485, 235, 41, 32.06%, 0, 0, 4, 746.48, 1272721, 579
2792, 0, 452, 485, 235, 41, 32.06%, 0, 0, 4, 761.10, 1276639, 579
2798, 0, 452, 485, 235, 41, 32.06%, 0, 0, 4, 765.88, 1280554, 579
2803, 0, 427, 485, 234, 40, 32.06%, 0, 0, 4, 784.77, 1284518, 579
2808, 0, 427, 485, 234, 40, 32.06%, 0, 0, 4, 764.67, 1288463, 579
2813, 0, 427, 485, 234, 40, 32.06%, 0, 0, 4, 769.14, 1292093, 579
2818, 0, 427, 485, 234, 40, 32.06%, 0, 0, 4, 780.64, 1296173, 579
2823, 0, 427, 485, 234, 40, 32.06%, 0, 0, 4, 732.04, 1299863, 579
2829, 0, 427, 485, 234, 40, 32.06%, 0, 0, 4, 741.69, 1303582, 579
2834, 0, 427, 485, 234, 40, 32.06%, 0, 0, 4, 694.88, 1307068, 579
2839, 0, 366, 485, 233, 39, 32.06%, 0, 0, 4, 601.56, 1310107, 579
2844, 0, 366, 485, 233, 39, 32.06%, 0, 0, 4, 471.09, 1312495, 579
2849, 0, 366, 485, 233, 39, 32.06%, 0, 0, 4, 524.74, 1315175, 579
2854, 0, 366, 485, 233, 39, 32.06%, 0, 0, 4, 82.30, 1317123, 579
2859, 0, 366, 485, 233, 39, 32.06%, 0, 0, 4, 433.98, 1318619, 579
2864, 0, 366, 485, 233, 39, 32.06%, 0, 0, 4, 30.30, 1319909, 579
2869, 0, 366, 485, 233, 39, 32.06%, 0, 0, 4, 420.62, 1320627, 579
2875, 0, 366, 485, 233, 39, 32.06%, 0, 0, 4, 86.51, 1321947, 579
2880, 0, 366, 485, 233, 39, 32.06%, 0, 0, 4, 66.96, 1322464, 579
2885, 0, 366, 485, 233, 39, 32.06%, 0, 0, 4, 67.00, 1322616, 579
2890, 0, 366, 485, 233, 39, 32.06%, 0, 0, 4, 37.34, 1322848, 579
2895, 0, 366, 485, 233, 39, 32.06%, 0, 0, 4, 526.37, 1324645, 579
2900, 0, 366, 485, 233, 39, 32.06%, 0, 0, 4, 540.86, 1327395, 579
2906, 0, 366, 485, 233, 39, 32.06%, 0, 0, 4, 556.41, 1330237, 579
2911, 0, 464, 485, 232, 38, 32.06%, 0, 0, 4, 599.13, 1333190, 579
2916, 0, 464, 485, 232, 38, 32.06%, 0, 0, 4, 741.38, 1337210, 579
2921, 0, 464, 485, 232, 38, 32.06%, 0, 0, 4, 789.55, 1341198, 579
2926, 0, 464, 485, 232, 38, 32.06%, 0, 0, 4, 804.74, 1345114, 579
2931, 0, 464, 485, 232, 38, 32.06%, 0, 0, 4, 833.65, 1349322, 579
2936, 0, 464, 485, 232, 38, 32.06%, 0, 0, 4, 825.19, 1353514, 579
2941, 0, 438, 485, 231, 37, 32.06%, 0, 0, 4, 815.59, 1357671, 579
2946, 0, 438, 485, 231, 37, 32.06%, 0, 0, 4, 840.84, 1361911, 579
2951, 0, 438, 485, 231, 37, 32.06%, 0, 0, 4, 846.30, 1366135, 579
2956, 0, 438, 485, 231, 37, 32.06%, 0, 0, 4, 810.20, 1370135, 579
2961, 0, 438, 485, 231, 37, 32.06%, 0, 0, 4, 821.98, 1374359, 579
2967, 0, 438, 485, 231, 37, 32.06%, 0, 0, 4, 832.78, 1377783, 579
2972, 0, 438, 485, 231, 37, 32.06%, 0, 0, 4, 803.13, 1381627, 579
2977, 0, 387, 485, 230, 36, 32.06%, 0, 0, 4, 719.80, 1385189, 579
2982, 0, 387, 485, 230, 36, 32.06%, 0, 0, 4, 722.53, 1388591, 579
2987, 0, 387, 485, 230, 36, 32.06%, 0, 0, 4, 720.58, 1392259, 579
2992, 0, 387, 485, 230, 36, 32.06%, 0, 0, 4, 730.97, 1395941, 579
2997, 0, 387, 485, 230, 36, 32.06%, 0, 0, 4, 726.94, 1399637, 579
3002, 0, 387, 485, 230, 36, 32.06%, 0, 0, 4, 654.67, 1402228, 579
3007, 0, 387, 485, 230, 36, 32.06%, 0, 0, 4, 706.92, 1405223, 579
3012, 0, 387, 485, 230, 36, 32.06%, 0, 0, 4, 89.28, 1408060, 579
3017, 0, 387, 485, 230, 36, 32.06%, 0, 0, 4, 624.58, 1410549, 579
3023, 0, 387, 485, 230, 36, 32.06%, 0, 0, 4, 703.64, 1413455, 579
3028, 0, 478, 485, 229, 35, 32.06%, 0, 0, 4, 756.89, 1417147, 579
3033, 0, 478, 486, 230, 35, 32.06%, 0, 0, 4, 804.94, 1421352, 579
3038, 0, 445, 486, 229, 34, 32.06%, 0, 0, 4, 796.90, 1425323, 579
3043, 0, 445, 486, 229, 34, 32.06%, 0, 0, 4, 794.37, 1429358, 579
3048, 0, 445, 486, 229, 34, 32.06%, 0, 0, 4, 814.28, 1431914, 579
3053, 0, 445, 486, 229, 34, 32.06%, 0, 0, 4, 747.75, 1435160, 579
3058, 0, 445, 486, 229, 34, 32.06%, 0, 0, 4, 815.37, 1438474, 579
3063, 0, 445, 486, 229, 34, 32.06%, 0, 0, 4, 793.99, 1441523, 579
3069, 0, 445, 486, 229, 34, 32.06%, 0, 0, 4, 7.30, 1443847, 579
3074, 0, 445, 486, 229, 34, 32.06%, 0, 0, 4, 5.85, 1444018, 579
3079, 0, 445, 486, 229, 34, 32.06%, 0, 0, 4, 508.28, 1444403, 579
3084, 0, 445, 486, 229, 34, 32.06%, 0, 0, 4, 13.50, 1446658, 579
3089, 0, 445, 486, 229, 34, 32.06%, 0, 0, 4, 707.21, 1447158, 579
3094, 0, 459, 486, 228, 33, 32.06%, 0, 0, 4, 654.29, 1450260, 579
3099, 0, 459, 486, 228, 33, 32.06%, 0, 0, 4, 11.55, 1452089, 579
3105, 0, 459, 486, 228, 33, 32.06%, 0, 0, 4, 443.15, 1453932, 579
3110, 0, 459, 486, 228, 33, 32.06%, 0, 0, 4, 104.39, 1456222, 579
3115, 0, 459, 486, 228, 33, 32.06%, 0, 0, 4, 3.04, 1456849, 579
3120, 0, 459, 486, 228, 33, 32.06%, 0, 0, 4, 3.24, 1456866, 579
3126, 0, 459, 486, 228, 33, 32.06%, 0, 0, 4, 3.10, 1456881, 579
3131, 0, 459, 486, 228, 33, 32.06%, 0, 0, 4, 2.44, 1457153, 579
3136, 0, 459, 486, 228, 33, 32.06%, 0, 0, 4, 2.95, 1457169, 579
3141, 0, 459, 486, 228, 33, 32.06%, 0, 0, 4, 64.69, 1457440, 579
3146, 0, 459, 486, 228, 33, 32.06%, 0, 0, 4, 351.01, 1457655, 579
3151, 0, 459, 486, 228, 33, 32.06%, 0, 0, 4, 566.65, 1459822, 579
3157, 0, 459, 486, 228, 33, 32.06%, 0, 0, 4, 48.45, 1461255, 579
3162, 0, 459, 486, 228, 33, 32.06%, 0, 0, 4, 520.00, 1462021, 579
3167, 0, 459, 486, 228, 33, 32.06%, 0, 0, 4, 587.06, 1463033, 579
3172, 0, 459, 486, 228, 33, 32.06%, 0, 0, 4, 65.55, 1463980, 579
3177, 0, 459, 486, 228, 33, 32.06%, 0, 0, 4, 47.19, 1464436, 579
3183, 0, 459, 486, 228, 33, 32.06%, 0, 0, 4, 172.01, 1465610, 579
3188, 0, 459, 486, 228, 33, 32.06%, 0, 0, 4, 247.43, 1466797, 579
3193, 0, 459, 486, 228, 33, 32.06%, 0, 0, 4, 603.80, 1470096, 579
3198, 0, 429, 486, 227, 32, 32.06%, 0, 0, 4, 733.07, 1473910, 579
3203, 0, 429, 486, 227, 32, 32.06%, 0, 0, 4, 826.89, 1477938, 579
3208, 0, 429, 486, 227, 32, 32.06%, 0, 0, 4, 810.58, 1481890, 579
3213, 0, 429, 486, 227, 32, 32.06%, 0, 0, 4, 813.64, 1486098, 579
3218, 0, 429, 486, 227, 32, 32.06%, 0, 0, 4, 129.99, 1489500, 579
3224, 0, 429, 486, 227, 32, 32.06%, 0, 0, 4, 20.11, 1490035, 579
3229, 0, 429, 486, 227, 32, 32.06%, 0, 0, 4, 231.78, 1490786, 579
3234, 0, 429, 486, 227, 32, 32.06%, 0, 0, 4, 23.58, 1491460, 579
3241, 0, 429, 486, 227, 32, 32.06%, 0, 0, 4, 22.01, 1491954, 579
3246, 0, 429, 486, 227, 32, 32.06%, 0, 0, 4, 83.33, 1492096, 579
3251, 0, 429, 486, 227, 32, 32.06%, 0, 0, 4, 10.80, 1492187, 579
3256, 0, 429, 486, 227, 32, 32.06%, 0, 0, 4, 12.20, 1492250, 579
3261, 0, 429, 486, 227, 32, 32.06%, 0, 0, 4, 801.45, 1495410, 579
3266, 0, 466, 486, 226, 31, 32.06%, 0, 0, 4, 777.32, 1499192, 579
3272, 0, 466, 487, 227, 31, 32.06%, 0, 0, 4, 766.61, 1502950, 579
3277, 0, 466, 487, 227, 31, 32.06%, 0, 0, 4, 708.13, 1506456, 579
3282, 0, 466, 487, 227, 31, 32.06%, 0, 0, 4, 110.24, 1509774, 579
3287, 0, 466, 487, 227, 31, 32.06%, 0, 0, 4, 776.32, 1513360, 579
3292, 0, 466, 487, 227, 31, 32.06%, 0, 0, 4, 725.89, 1516802, 579
3297, 0, 466, 487, 227, 31, 32.06%, 0, 0, 4, 728.54, 1520456, 579
3302, 0, 413, 487, 226, 30, 32.06%, 0, 0, 4, 791.33, 1524481, 579
3307, 0, 413, 487, 226, 30, 32.06%, 0, 0, 4, 818.48, 1528660, 579
3312, 0, 413, 487, 226, 30, 32.06%, 0, 0, 4, 839.57, 1533012, 579
3317, 0, 413, 487, 226, 30, 32.06%, 0, 0, 4, 855.70, 1537449, 579
3322, 0, 413, 487, 226, 30, 32.06%, 0, 0, 4, 854.56, 1541818, 579
3328, 0, 461, 487, 226, 30, 32.06%, 0, 0, 4, 844.65, 1545936, 579
3333, 0, 461, 487, 226, 30, 32.06%, 0, 0, 4, 838.79, 1550112, 579
3338, 0, 461, 487, 226, 30, 32.06%, 0, 0, 4, 831.20, 1554304, 579
3343, 0, 461, 487, 226, 30, 32.06%, 0, 0, 4, 814.73, 1558368, 579
3348, 0, 461, 487, 226, 30, 32.06%, 0, 0, 4, 815.32, 1562512, 579
3353, 0, 461, 487, 226, 30, 32.06%, 0, 0, 4, 824.43, 1566736, 579
3358, 0, 461, 487, 226, 30, 32.06%, 0, 0, 4, 767.12, 1570354, 579
3363, 0, 390, 487, 225, 29, 32.06%, 0, 0, 4, 706.21, 1570932, 579
3368, 0, 390, 487, 225, 29, 32.06%, 0, 0, 4, 717.87, 1574460, 579
3373, 0, 390, 487, 225, 29, 32.06%, 0, 0, 4, 726.31, 1578114, 579
3379, 0, 390, 487, 225, 29, 32.06%, 0, 0, 4, 693.41, 1581500, 579
3384, 0, 390, 487, 225, 29, 32.06%, 0, 0, 4, 701.32, 1584997, 579
3389, 0, 390, 487, 225, 29, 32.06%, 0, 0, 4, 679.43, 1588403, 579
3394, 0, 390, 487, 225, 29, 32.06%, 0, 0, 4, 657.68, 1591081, 579
3399, 0, 390, 487, 225, 29, 32.06%, 0, 0, 4, 685.44, 1594370, 579
3404, 0, 390, 487, 225, 29, 32.06%, 0, 0, 4, 703.40, 1598036, 579
3409, 0, 390, 487, 225, 29, 32.06%, 0, 0, 4, 718.25, 1601410, 579
3414, 0, 462, 487, 224, 28, 32.06%, 0, 0, 4, 793.41, 1605109, 579
3419, 0, 462, 487, 224, 28, 32.06%, 0, 0, 4, 727.02, 1607975, 579
3425, 0, 400, 487, 223, 27, 32.06%, 0, 0, 4, 41.21, 1611602, 579
3430, 0, 400, 487, 223, 27, 32.06%, 0, 0, 4, 708.26, 1613210, 579
3435, 0, 400, 488, 224, 27, 32.06%, 0, 0, 4, 715.33, 1616872, 579
3440, 0, 400, 488, 224, 27, 32.06%, 0, 0, 4, 714.63, 1620526, 579
3445, 0, 400, 488, 224, 27, 32.06%, 0, 0, 4, 718.97, 1623914, 579
3450, 0, 400, 488, 224, 27, 32.06%, 0, 0, 4, 708.62, 1627260, 579
3455, 0, 400, 488, 224, 27, 32.06%, 0, 0, 4, 706.44, 1629612, 579
3461, 0, 400, 488, 224, 27, 32.06%, 0, 0, 4, 716.38, 1633308, 579
3466, 0, 400, 488, 224, 27, 32.06%, 0, 0, 4, 685.44, 1636709, 579
3471, 0, 400, 488, 224, 27, 32.06%, 0, 0, 4, 711.08, 1640294, 579
3476, 0, 400, 488, 224, 27, 32.06%, 0, 0, 4, 712.95, 1643682, 579
3481, 0, 431, 488, 223, 27, 32.06%, 0, 0, 4, 761.78, 1647496, 579
3486, 0, 431, 488, 223, 27, 32.06%, 0, 0, 4, 633.16, 1651441, 579
3491, 0, 388, 489, 223, 26, 32.06%, 0, 0, 4, 704.81, 1654808, 579
3496, 0, 388, 489, 223, 26, 32.06%, 0, 0, 4, 709.88, 1658476, 579
3501, 0, 388, 489, 223, 26, 32.06%, 0, 0, 4, 674.60, 1661799, 579
3507, 0, 388, 489, 223, 26, 32.06%, 0, 0, 4, 677.13, 1664867, 579
3512, 0, 388, 489, 223, 26, 32.06%, 0, 0, 4, 25.71, 1665995, 579
3517, 0, 388, 489, 223, 26, 32.06%, 0, 0, 4, 7.85, 1666083, 579
3522, 0, 388, 489, 223, 26, 32.06%, 0, 0, 4, 466.89, 1668602, 579
3527, 0, 388, 489, 223, 26, 32.06%, 0, 0, 4, 645.48, 1671542, 579
3533, 0, 388, 489, 223, 26, 32.06%, 0, 0, 4, 40.18, 1672345, 579
3538, 0, 388, 489, 223, 26, 32.06%, 0, 0, 4, 490.04, 1672715, 579
3543, 0, 388, 489, 223, 26, 32.06%, 0, 0, 4, 686.99, 1675514, 579
3548, 0, 388, 489, 223, 26, 32.06%, 0, 0, 4, 703.33, 1679154, 579
3553, 0, 388, 489, 223, 26, 32.06%, 0, 0, 4, 176.80, 1681037, 579
3558, 0, 388, 489, 223, 26, 32.06%, 0, 0, 4, 610.78, 1684742, 579
3563, 0, 406, 490, 223, 26, 32.06%, 0, 0, 4, 685.41, 1688359, 579
3568, 0, 406, 490, 223, 26, 32.06%, 0, 0, 4, 697.05, 1691986, 579
3575, 0, 406, 490, 223, 26, 32.06%, 0, 0, 4, 29.45, 1694911, 579
3580, 0, 406, 490, 223, 26, 32.06%, 0, 0, 4, 639.96, 1695821, 579
3585, 0, 406, 490, 223, 26, 32.06%, 0, 0, 4, 684.22, 1699396, 579
3590, 0, 406, 490, 223, 26, 32.06%, 0, 0, 4, 691.72, 1702893, 579
3595, 0, 406, 490, 223, 26, 32.06%, 0, 0, 4, 664.14, 1706299, 579
3600, 0, 406, 490, 223, 26, 32.06%, 0, 0, 4, 690.14, 1709757, 579
3606, 0, 406, 490, 223, 26, 32.06%, 0, 0, 4, 718.24, 1713453, 579
3611, 0, 406, 490, 223, 26, 32.06%, 0, 0, 4, 710.97, 1717079, 579
3616, 0, 384, 490, 222, 26, 32.06%, 0, 0, 4, 539.60, 1719961, 579
3621, 0, 384, 490, 222, 26, 32.06%, 0, 0, 4, 79.89, 1721039, 579
3626, 0, 384, 490, 222, 26, 32.06%, 0, 0, 4, 35.51, 1721361, 579
3632, 0, 384, 490, 222, 26, 32.06%, 0, 0, 4, 138.47, 1721827, 579
3637, 0, 384, 490, 222, 26, 32.06%, 0, 0, 4, 150.27, 1722172, 579
3642, 0, 384, 490, 222, 26, 32.06%, 0, 0, 4, 1.37, 1722320, 579
3648, 0, 384, 490, 222, 26, 32.06%, 0, 0, 4, 3.15, 1722343, 579
3653, 0, 384, 490, 222, 26, 32.06%, 0, 0, 4, 18.14, 1722416, 579
3658, 0, 384, 490, 222, 26, 32.06%, 0, 0, 4, 574.26, 1722643, 579
3663, 0, 384, 490, 222, 26, 32.06%, 0, 0, 4, 594.56, 1725717, 579
3668, 0, 434, 490, 221, 25, 32.06%, 0, 0, 4, 740.33, 1729383, 579
3674, 0, 434, 490, 221, 25, 32.06%, 0, 0, 4, 799.59, 1733032, 579
3679, 0, 430, 490, 220, 24, 32.06%, 0, 0, 4, 825.72, 1737248, 579
3684, 0, 430, 490, 220, 24, 32.06%, 0, 0, 4, 794.46, 1741192, 579
3689, 0, 413, 490, 219, 23, 32.06%, 0, 0, 4, 811.82, 1745216, 579
3694, 0, 413, 490, 219, 23, 32.06%, 0, 0, 4, 833.29, 1749520, 579
3699, 0, 488, 490, 219, 23, 32.06%, 0, 0, 4, 689.84, 1752762, 579
3704, 0, 488, 490, 219, 23, 32.06%, 0, 0, 4, 684.26, 1755947, 579
3709, 0, 488, 490, 219, 23, 32.06%, 0, 0, 4, 675.00, 1757039, 579
3714, 0, 488, 490, 219, 23, 32.06%, 0, 0, 4, 652.06, 1760302, 579
3719, 0, 488, 490, 219, 23, 32.06%, 0, 0, 4, 673.60, 1763734, 579
3724, 0, 488, 490, 219, 23, 32.06%, 0, 0, 4, 685.12, 1767140, 579
3730, 0, 488, 490, 219, 23, 32.06%, 0, 0, 4, 74.71, 1770182, 579
3735, 0, 488, 490, 219, 23, 32.06%, 0, 0, 4, 663.26, 1772964, 579
3740, 0, 488, 490, 219, 23, 32.06%, 0, 0, 4, 682.03, 1776253, 579
3745, 0, 488, 490, 219, 23, 32.06%, 0, 0, 4, 685.69, 1779802, 579
3750, 0, 488, 490, 219, 23, 32.06%, 0, 0, 4, 105.69, 1783026, 579
3755, 0, 448, 490, 218, 22, 32.06%, 0, 0, 4, 753.09, 1786828, 579
3760, 0, 448, 490, 218, 22, 32.06%, 0, 0, 4, 73.06, 1787833, 579
3766, 0, 448, 490, 218, 22, 32.06%, 0, 0, 4, 11.75, 1787950, 579
3771, 0, 448, 490, 218, 22, 32.06%, 0, 0, 4, 782.82, 1790340, 579
3776, 0, 448, 490, 218, 22, 32.06%, 0, 0, 4, 791.46, 1794343, 579
3781, 0, 448, 490, 218, 22, 32.06%, 0, 0, 4, 751.97, 1797982, 579
3786, 0, 448, 490, 218, 22, 32.06%, 0, 0, 4, 790.92, 1801978, 579
3791, 0, 448, 490, 218, 22, 32.06%, 0, 0, 4, 758.92, 1804603, 579
3796, 0, 448, 490, 218, 22, 32.06%, 0, 0, 4, 787.93, 1807633, 579
3801, 0, 448, 490, 218, 22, 32.06%, 0, 0, 4, 796.08, 1811248, 579
3806, 0, 448, 490, 218, 22, 32.06%, 0, 0, 4, 117.19, 1815028, 579
3812, 0, 448, 490, 218, 22, 32.06%, 0, 0, 4, 35.28, 1815196, 579
3817, 0, 448, 490, 218, 22, 32.06%, 0, 0, 4, 17.01, 1815309, 579
3822, 0, 447, 490, 217, 21, 32.06%, 0, 0, 4, 574.66, 1817980, 579
3827, 0, 447, 490, 217, 21, 32.06%, 0, 0, 4, 717.23, 1821661, 579
3832, 0, 447, 490, 217, 21, 32.06%, 0, 0, 4, 795.07, 1825844, 579
3837, 0, 447, 490, 217, 21, 32.06%, 0, 0, 4, 814.24, 1830041, 579
3842, 0, 447, 490, 217, 21, 32.06%, 0, 0, 4, 825.31, 1834265, 579
3847, 0, 447, 490, 217, 21, 32.06%, 0, 0, 4, 815.92, 1836893, 579
3852, 0, 447, 490, 217, 21, 32.06%, 0, 0, 4, 822.81, 1841113, 579
3857, 0, 447, 490, 217, 21, 32.06%, 0, 0, 4, 798.40, 1843304, 579
3863, 0, 447, 490, 217, 21, 32.06%, 0, 0, 4, 814.62, 1847529, 579
3868, 0, 450, 490, 216, 20, 32.06%, 0, 0, 4, 770.00, 1851192, 579
3873, 0, 450, 490, 216, 20, 32.06%, 0, 0, 4, 789.50, 1855095, 579
3878, 0, 450, 490, 216, 20, 32.06%, 0, 0, 4, 721.33, 1858234, 579
3883, 0, 450, 490, 216, 20, 32.06%, 0, 0, 4, 797.94, 1862445, 579
3888, 0, 450, 490, 216, 20, 32.06%, 0, 0, 4, 831.00, 1866814, 579
3893, 0, 450, 490, 216, 20, 32.06%, 0, 0, 4, 837.76, 1871038, 579
3899, 0, 450, 490, 216, 20, 32.06%, 0, 0, 4, 789.13, 1875060, 579
3904, 0, 450, 490, 216, 20, 32.06%, 0, 0, 4, 780.51, 1878210, 579
3909, 0, 450, 490, 216, 20, 32.06%, 0, 0, 4, 9.22, 1880660, 579
3914, 0, 450, 490, 216, 20, 32.06%, 0, 0, 4, 21.38, 1880835, 579
3919, 0, 373, 490, 215, 19, 32.06%, 0, 0, 4, 761.96, 1883074, 579
3924, 0, 373, 490, 215, 19, 32.06%, 0, 0, 4, 513.16, 1885559, 579
3929, 0, 373, 490, 215, 19, 32.06%, 0, 0, 4, 545.98, 1888319, 579
3934, 0, 484, 490, 214, 18, 32.06%, 0, 0, 4, 746.15, 1890921, 579
3939, 0, 484, 490, 214, 18, 32.06%, 0, 0, 4, 757.23, 1894580, 579
3944, 0, 484, 490, 214, 18, 32.06%, 0, 0, 4, 735.07, 1898355, 579
3950, 0, 484, 490, 214, 18, 32.06%, 0, 0, 4, 750.72, 1901660, 579
3955, 0, 484, 490, 214, 18, 32.06%, 0, 0, 4, 690.84, 1904893, 579
3960, 0, 484, 490, 214, 18, 32.06%, 0, 0, 4, 700.39, 1908429, 579
3965, 0, 484, 490, 214, 18, 32.06%, 0, 0, 4, 673.96, 1911861, 579
3969, 0, 484, 490, 214, 18, 32.06%, 0, 0, 4, 687.97, 1913659, 579
