# relative_time, cycles_done, cur_path, paths_total, pending_total, pending_favs, map_size, unique_crashes, unique_hangs, max_depth, execs_per_sec, total_execs, edges_found
61, 0, 211, 449, 252, 81, 30.34%, 0, 0, 2, 106.13, 15063, 548
66, 0, 211, 449, 252, 81, 30.34%, 0, 0, 2, 110.49, 15617, 548
71, 0, 312, 450, 252, 80, 30.34%, 0, 0, 2, 107.36, 16155, 548
76, 0, 312, 451, 253, 80, 30.34%, 0, 0, 2, 67.60, 16440, 548
81, 0, 312, 453, 255, 80, 30.34%, 0, 0, 2, 54.32, 16700, 548
86, 0, 312, 453, 255, 80, 30.34%, 0, 0, 2, 55.00, 16933, 548
92, 0, 312, 454, 256, 80, 30.40%, 0, 0, 2, 57.39, 17172, 549
97, 0, 312, 454, 256, 80, 30.40%, 0, 0, 2, 16.58, 17267, 549
103, 0, 312, 454, 256, 80, 30.40%, 0, 0, 2, 17.89, 17322, 549
108, 0, 312, 454, 256, 80, 30.40%, 0, 0, 2, 44.35, 17561, 549
113, 0, 312, 454, 256, 80, 30.40%, 0, 0, 2, 50.95, 17819, 549
118, 0, 312, 454, 256, 80, 30.40%, 0, 0, 2, 54.80, 18103, 549
123, 0, 312, 454, 256, 80, 30.40%, 0, 0, 2, 55.61, 18385, 549
128, 0, 312, 455, 257, 80, 30.40%, 0, 0, 2, 50.36, 18610, 549
133, 0, 312, 455, 257, 80, 30.40%, 0, 0, 2, 50.54, 18862, 549
138, 0, 312, 455, 257, 80, 30.40%, 0, 0, 2, 50.25, 19118, 549
144, 0, 312, 456, 258, 80, 30.45%, 0, 0, 2, 49.41, 19349, 550
149, 0, 312, 456, 258, 80, 30.45%, 0, 0, 2, 52.39, 19607, 550
154, 0, 312, 456, 258, 80, 30.45%, 0, 0, 2, 55.24, 19889, 550
159, 0, 312, 456, 258, 80, 30.45%, 0, 0, 2, 57.06, 20186, 550
164, 0, 312, 456, 258, 80, 30.45%, 0, 0, 2, 56.43, 20447, 550
169, 0, 312, 457, 259, 80, 30.45%, 0, 0, 2, 54.33, 20706, 550
174, 0, 312, 457, 259, 80, 30.45%, 0, 0, 2, 20.00, 20857, 550
179, 0, 312, 457, 259, 80, 30.45%, 0, 0, 2, 53.40, 21019, 550
184, 0, 312, 457, 259, 80, 30.45%, 0, 0, 2, 56.04, 21307, 550
189, 0, 312, 457, 259, 80, 30.45%, 0, 0, 2, 51.87, 21566, 550
195, 0, 312, 458, 260, 80, 30.45%, 0, 0, 2, 56.04, 21841, 550
200, 0, 312, 458, 260, 80, 30.45%, 0, 0, 2, 4.46, 22045, 550
205, 0, 312, 458, 260, 80, 30.45%, 0, 0, 2, 53.94, 22324, 550
210, 0, 312, 458, 260, 80, 30.45%, 0, 0, 2, 50.31, 22559, 550
215, 0, 312, 458, 260, 80, 30.45%, 0, 0, 2, 53.49, 22836, 550
220, 0, 312, 458, 260, 80, 30.45%, 0, 0, 2, 54.64, 23120, 550
225, 0, 312, 458, 260, 80, 30.45%, 0, 0, 2, 54.39, 23400, 550
231, 0, 312, 458, 260, 80, 30.45%, 0, 0, 2, 53.12, 23663, 550
236, 0, 312, 458, 260, 80, 30.45%, 0, 0, 2, 42.34, 23813, 550
241, 0, 312, 458, 260, 80, 30.45%, 0, 0, 2, 50.59, 24075, 550
246, 0, 312, 458, 260, 80, 30.45%, 0, 0, 2, 49.58, 24304, 550
251, 0, 312, 458, 260, 80, 30.45%, 0, 0, 2, 48.47, 24557, 550
256, 0, 312, 458, 260, 80, 30.45%, 0, 0, 2, 48.30, 24795, 550
261, 0, 312, 458, 260, 80, 30.45%, 0, 0, 2, 47.20, 25036, 550
267, 0, 312, 458, 260, 80, 30.45%, 0, 0, 2, 48.30, 25268, 550
272, 0, 312, 458, 260, 80, 30.45%, 0, 0, 2, 49.91, 25501, 550
277, 0, 312, 458, 260, 80, 30.45%, 0, 0, 2, 9.31, 25607, 550
283, 0, 312, 458, 260, 80, 30.45%, 0, 0, 2, 44.12, 25690, 550
288, 0, 312, 458, 260, 80, 30.45%, 0, 0, 2, 49.42, 25876, 550
293, 0, 312, 458, 260, 80, 30.45%, 0, 0, 2, 52.06, 26128, 550
298, 0, 312, 458, 260, 80, 30.45%, 0, 0, 2, 53.31, 26325, 550
303, 0, 312, 459, 261, 80, 30.51%, 0, 0, 2, 47.95, 26554, 551
335, 0, 312, 459, 261, 80, 30.51%, 0, 0, 2, 0.07, 26671, 551
340, 0, 312, 459, 261, 80, 30.51%, 0, 0, 2, 49.41, 26920, 551
345, 0, 312, 459, 261, 80, 30.51%, 0, 0, 2, 52.05, 27191, 551
350, 0, 312, 459, 261, 80, 30.51%, 0, 0, 2, 54.67, 27471, 551
355, 0, 312, 459, 261, 80, 30.51%, 0, 0, 2, 55.66, 27754, 551
360, 0, 312, 459, 261, 80, 30.51%, 0, 0, 2, 55.92, 27953, 551
365, 0, 312, 459, 261, 80, 30.51%, 0, 0, 2, 55.59, 28226, 551
371, 0, 312, 459, 261, 80, 30.51%, 0, 0, 2, 55.82, 28517, 551
376, 0, 312, 459, 261, 80, 30.51%, 0, 0, 2, 51.08, 28733, 551
381, 0, 312, 459, 261, 80, 30.51%, 0, 0, 2, 54.45, 29020, 551
386, 0, 312, 459, 261, 80, 30.51%, 0, 0, 2, 54.80, 29292, 551
391, 0, 312, 459, 261, 80, 30.51%, 0, 0, 2, 55.49, 29576, 551
396, 0, 312, 459, 261, 80, 30.51%, 0, 0, 2, 58.07, 29869, 551
401, 0, 312, 459, 261, 80, 30.51%, 0, 0, 2, 54.92, 30150, 551
407, 0, 312, 459, 261, 80, 30.51%, 0, 0, 2, 2.27, 30260, 551
412, 0, 312, 459, 261, 80, 30.51%, 0, 0, 2, 44.52, 30466, 551
417, 0, 312, 459, 261, 80, 30.51%, 0, 0, 2, 53.82, 30753, 551
422, 0, 312, 459, 261, 80, 30.51%, 0, 0, 2, 53.51, 31027, 551
427, 0, 312, 459, 261, 80, 30.51%, 0, 0, 2, 54.86, 31290, 551
432, 0, 312, 460, 262, 80, 30.51%, 0, 0, 2, 54.36, 31573, 551
437, 0, 312, 460, 262, 80, 30.51%, 0, 0, 2, 55.58, 31838, 551
443, 0, 312, 460, 262, 80, 30.51%, 0, 0, 2, 4.56, 31997, 551
448, 0, 312, 460, 262, 80, 30.51%, 0, 0, 2, 9.08, 32082, 551
453, 0, 312, 460, 262, 80, 30.51%, 0, 0, 2, 56.59, 32274, 551
458, 0, 312, 460, 262, 80, 30.51%, 0, 0, 2, 55.78, 32562, 551
463, 0, 312, 460, 262, 80, 30.51%, 0, 0, 2, 53.61, 32828, 551
468, 0, 312, 460, 262, 80, 30.51%, 0, 0, 2, 53.43, 33099, 551
474, 0, 312, 460, 262, 80, 30.51%, 0, 0, 2, 56.13, 33389, 551
479, 0, 312, 460, 262, 80, 30.51%, 0, 0, 2, 55.59, 33668, 551
484, 0, 312, 460, 262, 80, 30.51%, 0, 0, 2, 54.20, 33939, 551
489, 0, 312, 460, 262, 80, 30.51%, 0, 0, 2, 56.14, 34230, 551
494, 0, 312, 461, 263, 80, 30.84%, 0, 0, 2, 57.54, 34520, 557
499, 0, 312, 461, 263, 80, 30.84%, 0, 0, 2, 56.41, 34802, 557
504, 0, 312, 461, 263, 80, 30.84%, 0, 0, 2, 58.57, 35076, 557
509, 0, 312, 461, 263, 80, 30.84%, 0, 0, 2, 53.87, 35346, 557
514, 0, 312, 461, 263, 80, 30.84%, 0, 0, 2, 52.09, 35609, 557
519, 0, 312, 461, 263, 80, 30.84%, 0, 0, 2, 7.54, 35725, 557
525, 0, 312, 461, 263, 80, 30.84%, 0, 0, 2, 54.18, 35918, 557
530, 0, 312, 461, 263, 80, 30.84%, 0, 0, 2, 51.04, 36123, 557
535, 0, 312, 461, 263, 80, 30.84%, 0, 0, 2, 6.93, 36316, 557
540, 0, 312, 461, 263, 80, 30.84%, 0, 0, 2, 56.34, 36373, 557
545, 0, 312, 461, 263, 80, 30.84%, 0, 0, 2, 54.47, 36623, 557
550, 0, 312, 461, 263, 80, 30.84%, 0, 0, 2, 57.12, 36887, 557
555, 0, 312, 461, 263, 80, 30.84%, 0, 0, 2, 54.78, 37155, 557
560, 0, 312, 461, 263, 80, 30.84%, 0, 0, 2, 55.11, 37432, 557
565, 0, 312, 461, 263, 80, 30.84%, 0, 0, 2, 53.29, 37700, 557
570, 0, 312, 461, 263, 80, 30.84%, 0, 0, 2, 55.41, 37989, 557
575, 0, 312, 461, 263, 80, 30.84%, 0, 0, 2, 56.29, 38287, 557
580, 0, 312, 461, 263, 80, 30.84%, 0, 0, 2, 53.91, 38550, 557
586, 0, 312, 461, 263, 80, 30.84%, 0, 0, 2, 54.30, 38829, 557
591, 0, 312, 461, 263, 80, 30.84%, 0, 0, 2, 56.02, 39107, 557
596, 0, 312, 461, 263, 80, 30.84%, 0, 0, 2, 53.32, 39382, 557
601, 0, 312, 461, 263, 80, 30.84%, 0, 0, 2, 51.52, 39631, 557
606, 0, 312, 461, 263, 80, 30.84%, 0, 0, 2, 54.43, 39919, 557
611, 0, 312, 461, 263, 80, 30.84%, 0, 0, 2, 52.99, 40176, 557
617, 0, 312, 461, 263, 80, 30.84%, 0, 0, 2, 56.57, 40477, 557
622, 0, 312, 461, 263, 80, 30.84%, 0, 0, 2, 6.07, 40702, 557
628, 0, 312, 461, 263, 80, 30.84%, 0, 0, 2, 8.31, 40757, 557
633, 0, 312, 461, 263, 80, 30.84%, 0, 0, 2, 32.76, 40889, 557
638, 0, 312, 461, 263, 80, 30.84%, 0, 0, 2, 6.56, 41061, 557
643, 0, 312, 461, 263, 80, 30.84%, 0, 0, 2, 3.32, 41158, 557
648, 0, 312, 461, 263, 80, 30.84%, 0, 0, 2, 52.39, 41347, 557
653, 0, 312, 461, 263, 80, 30.84%, 0, 0, 2, 53.40, 41624, 557
658, 0, 312, 461, 263, 80, 30.84%, 0, 0, 2, 51.11, 41888, 557
663, 0, 312, 461, 263, 80, 30.84%, 0, 0, 2, 52.63, 42153, 557
669, 0, 312, 461, 263, 80, 30.84%, 0, 0, 2, 54.83, 42433, 557
674, 0, 312, 461, 263, 80, 30.84%, 0, 0, 2, 52.10, 42608, 557
679, 0, 312, 461, 263, 80, 30.84%, 0, 0, 2, 38.10, 42796, 557
684, 0, 312, 461, 263, 80, 30.84%, 0, 0, 2, 48.94, 43027, 557
689, 0, 312, 461, 263, 80, 30.84%, 0, 0, 2, 54.26, 43317, 557
694, 0, 312, 461, 263, 80, 30.84%, 0, 0, 2, 52.52, 43565, 557
699, 0, 312, 461, 263, 80, 30.84%, 0, 0, 2, 55.28, 43838, 557
704, 0, 312, 461, 263, 80, 30.84%, 0, 0, 2, 52.71, 44110, 557
710, 0, 312, 461, 263, 80, 30.84%, 0, 0, 2, 53.12, 44346, 557
715, 0, 312, 461, 263, 80, 30.84%, 0, 0, 2, 50.61, 44584, 557
720, 0, 312, 461, 263, 80, 30.84%, 0, 0, 2, 51.55, 44833, 557
725, 0, 312, 461, 263, 80, 30.84%, 0, 0, 2, 53.52, 45109, 557
730, 0, 312, 461, 263, 80, 30.84%, 0, 0, 2, 52.13, 45366, 557
735, 0, 312, 461, 263, 80, 30.84%, 0, 0, 2, 7.23, 45557, 557
741, 0, 312, 461, 263, 80, 30.84%, 0, 0, 2, 50.52, 45664, 557
746, 0, 312, 461, 263, 80, 30.84%, 0, 0, 2, 37.33, 45863, 557
751, 0, 312, 461, 263, 80, 30.84%, 0, 0, 2, 53.23, 46134, 557
756, 0, 312, 461, 263, 80, 30.84%, 0, 0, 2, 53.53, 46398, 557
761, 0, 312, 461, 263, 80, 30.84%, 0, 0, 2, 7.81, 46607, 557
766, 0, 312, 461, 263, 80, 30.84%, 0, 0, 2, 59.11, 46724, 557
771, 0, 312, 461, 263, 80, 30.84%, 0, 0, 2, 45.63, 46896, 557
776, 0, 312, 461, 263, 80, 30.84%, 0, 0, 2, 51.17, 47156, 557
781, 0, 312, 461, 263, 80, 30.84%, 0, 0, 2, 51.69, 47403, 557
786, 0, 312, 461, 263, 80, 30.84%, 0, 0, 2, 53.29, 47673, 557
792, 0, 312, 461, 263, 80, 30.84%, 0, 0, 2, 53.65, 47942, 557
797, 0, 312, 461, 263, 80, 30.84%, 0, 0, 2, 53.56, 48206, 557
802, 0, 312, 461, 263, 80, 30.84%, 0, 0, 2, 54.55, 48482, 557
807, 0, 312, 461, 263, 80, 30.84%, 0, 0, 2, 53.68, 48761, 557
812, 0, 362, 461, 262, 83, 30.84%, 0, 0, 2, 343.28, 49080, 557
817, 0, 362, 462, 263, 83, 30.90%, 0, 0, 2, 650.35, 52780, 558
822, 0, 362, 463, 264, 83, 31.01%, 0, 0, 2, 60.32, 56195, 560
828, 0, 362, 463, 264, 83, 31.01%, 0, 0, 2, 740.54, 59826, 560
833, 0, 362, 464, 265, 83, 31.12%, 0, 0, 2, 733.03, 63096, 562
838, 0, 362, 464, 265, 83, 31.12%, 0, 0, 2, 753.19, 66725, 562
843, 0, 362, 464, 265, 83, 31.12%, 0, 0, 2, 31.60, 70152, 562
848, 0, 362, 464, 265, 83, 31.12%, 0, 0, 2, 736.49, 73955, 562
853, 0, 362, 464, 265, 83, 31.12%, 0, 0, 2, 686.03, 76977, 562
858, 0, 362, 464, 265, 83, 31.12%, 0, 0, 2, 674.77, 80344, 562
863, 0, 366, 464, 264, 85, 31.12%, 0, 0, 2, 596.26, 83308, 562
868, 0, 366, 464, 264, 85, 31.12%, 0, 0, 2, 568.78, 86021, 562
873, 0, 366, 464, 264, 85, 31.12%, 0, 0, 2, 616.02, 89164, 562
879, 0, 367, 464, 263, 84, 31.12%, 0, 0, 2, 609.16, 92328, 562
884, 0, 367, 464, 263, 84, 31.12%, 0, 0, 2, 594.25, 95291, 562
889, 0, 368, 464, 262, 83, 31.12%, 0, 0, 2, 569.12, 98225, 562
894, 0, 368, 464, 262, 83, 31.12%, 0, 0, 2, 856.26, 102976, 562
899, 0, 369, 464, 261, 82, 31.12%, 0, 0, 2, 892.09, 107506, 562
904, 0, 369, 464, 261, 82, 31.12%, 0, 0, 2, 863.80, 111620, 562
909, 0, 370, 464, 260, 81, 31.12%, 0, 0, 2, 779.24, 115791, 562
914, 0, 370, 464, 260, 81, 31.12%, 0, 0, 2, 535.55, 118041, 562
920, 0, 370, 464, 260, 81, 31.12%, 0, 0, 2, 549.52, 120686, 562
925, 0, 371, 466, 261, 80, 31.23%, 0, 0, 2, 12.84, 122803, 564
930, 0, 371, 475, 270, 80, 31.62%, 0, 0, 2, 18.52, 122960, 571
935, 0, 371, 484, 279, 88, 31.73%, 0, 0, 2, 764.38, 126102, 573
940, 0, 371, 484, 279, 88, 31.73%, 0, 0, 2, 809.91, 130187, 573
945, 0, 372, 484, 278, 87, 31.73%, 0, 0, 2, 669.05, 133510, 573
950, 0, 372, 484, 278, 87, 31.73%, 0, 0, 2, 595.36, 136476, 573
955, 0, 372, 484, 278, 87, 31.73%, 0, 0, 2, 572.85, 139248, 573
960, 0, 374, 484, 277, 86, 31.73%, 0, 0, 2, 862.62, 143866, 573
965, 0, 375, 484, 276, 85, 31.73%, 0, 0, 2, 1005.13, 148103, 573
971, 0, 375, 484, 276, 85, 31.73%, 0, 0, 2, 964.22, 152872, 573
976, 0, 376, 484, 275, 84, 31.73%, 0, 0, 2, 926.92, 157473, 573
981, 0, 376, 484, 275, 84, 31.73%, 0, 0, 2, 910.19, 161981, 573
986, 0, 378, 484, 274, 83, 31.73%, 0, 0, 2, 825.65, 166130, 573
991, 0, 378, 484, 274, 83, 31.73%, 0, 0, 2, 918.69, 170587, 573
996, 0, 379, 484, 273, 82, 31.73%, 0, 0, 2, 920.00, 175075, 573
1001, 0, 379, 484, 273, 82, 31.73%, 0, 0, 2, 965.93, 180013, 573
1006, 0, 380, 485, 273, 81, 31.89%, 0, 0, 3, 864.95, 184256, 576
1011, 0, 380, 485, 273, 81, 31.89%, 0, 0, 3, 831.19, 188403, 576
1016, 0, 381, 485, 272, 81, 31.89%, 0, 0, 3, 919.96, 193101, 576
1022, 0, 385, 485, 271, 80, 31.89%, 0, 0, 3, 918.16, 197801, 576
1027, 0, 385, 485, 271, 80, 31.89%, 0, 0, 3, 925.41, 202373, 576
1032, 0, 387, 485, 270, 79, 31.89%, 0, 0, 3, 791.83, 206531, 576
1037, 0, 387, 485, 270, 79, 31.89%, 0, 0, 3, 645.63, 209635, 576
1042, 0, 387, 485, 270, 79, 31.89%, 0, 0, 3, 598.45, 212709, 576
1047, 0, 388, 485, 269, 78, 31.89%, 0, 0, 3, 856.42, 217139, 576
1052, 0, 389, 485, 268, 77, 31.89%, 0, 0, 3, 935.21, 221855, 576
1057, 0, 389, 485, 268, 77, 31.89%, 0, 0, 3, 942.18, 226607, 576
1062, 0, 390, 485, 267, 76, 31.89%, 0, 0, 3, 934.30, 230767, 576
1068, 0, 390, 485, 267, 76, 31.89%, 0, 0, 3, 934.15, 235519, 576
1073, 0, 391, 485, 266, 75, 31.89%, 0, 0, 3, 875.95, 238419, 576
1078, 0, 391, 485, 266, 75, 31.89%, 0, 0, 3, 849.65, 241770, 576
1083, 0, 392, 485, 265, 74, 31.89%, 0, 0, 3, 963.50, 246757, 576
1088, 0, 392, 485, 265, 74, 31.89%, 0, 0, 3, 985.89, 251697, 576
1093, 0, 394, 485, 264, 73, 31.89%, 0, 0, 3, 884.02, 255995, 576
1098, 0, 394, 485, 264, 73, 31.89%, 0, 0, 3, 868.39, 259933, 576
1104, 0, 395, 485, 263, 72, 31.89%, 0, 0, 3, 902.03, 264119, 576
1109, 0, 395, 485, 263, 72, 31.89%, 0, 0, 3, 1042.89, 269399, 576
1114, 0, 396, 485, 262, 71, 31.89%, 0, 0, 3, 1014.23, 274831, 576
1119, 0, 397, 485, 261, 70, 31.89%, 0, 0, 3, 374.28, 279679, 576
1124, 0, 397, 485, 261, 70, 31.89%, 0, 0, 3, 800.70, 283738, 576
1129, 0, 398, 486, 261, 70, 32.06%, 0, 0, 3, 863.71, 288040, 579
1134, 0, 398, 486, 261, 70, 32.06%, 0, 0, 3, 879.52, 291863, 579
1140, 0, 399, 486, 260, 69, 32.06%, 0, 0, 3, 911.60, 295879, 579
1145, 0, 399, 486, 260, 69, 32.06%, 0, 0, 3, 942.46, 300775, 579
1150, 0, 400, 486, 259, 68, 32.06%, 0, 0, 3, 991.11, 305914, 579
1155, 0, 400, 486, 259, 68, 32.06%, 0, 0, 3, 875.25, 310680, 579
1160, 0, 401, 486, 258, 67, 32.06%, 0, 0, 3, 892.08, 315183, 579
1165, 0, 402, 486, 257, 66, 32.06%, 0, 0, 3, 928.26, 320005, 579
1170, 0, 402, 486, 257, 66, 32.06%, 0, 0, 3, 917.39, 324811, 579
1176, 0, 403, 486, 256, 65, 32.06%, 0, 0, 3, 904.66, 329385, 579
1181, 0, 403, 486, 256, 65, 32.06%, 0, 0, 3, 899.33, 334032, 579
1186, 0, 404, 486, 255, 64, 32.06%, 0, 0, 3, 909.38, 338567, 579
1191, 0, 404, 486, 255, 64, 32.06%, 0, 0, 3, 850.89, 342938, 579
1196, 0, 406, 486, 254, 63, 32.06%, 0, 0, 3, 917.54, 347407, 579
1201, 0, 406, 487, 255, 63, 32.06%, 0, 0, 3, 138.21, 351886, 579
1207, 0, 407, 487, 254, 62, 32.06%, 0, 0, 3, 820.91, 355571, 579
1212, 0, 407, 487, 254, 62, 32.06%, 0, 0, 3, 873.13, 360214, 579
1217, 0, 408, 487, 253, 61, 32.06%, 0, 0, 3, 883.32, 364683, 579
1222, 0, 409, 487, 252, 60, 32.06%, 0, 0, 3, 868.45, 369101, 579
1229, 0, 409, 487, 252, 60, 32.06%, 0, 0, 3, 21.48, 371841, 579
1235, 0, 409, 487, 252, 60, 32.06%, 0, 0, 3, 838.01, 375907, 579
1240, 0, 410, 487, 251, 59, 32.06%, 0, 0, 3, 179.33, 379967, 579
1247, 0, 410, 487, 251, 59, 32.06%, 0, 0, 3, 0.32, 381052, 579
1252, 0, 410, 487, 251, 59, 32.06%, 0, 0, 3, 131.87, 383935, 579
1257, 0, 411, 487, 250, 58, 32.06%, 0, 0, 3, 548.79, 386645, 579
1262, 0, 411, 487, 250, 58, 32.06%, 0, 0, 3, 836.73, 391379, 579
1267, 0, 412, 487, 249, 57, 32.06%, 0, 0, 3, 913.40, 396045, 579
1272, 0, 412, 487, 249, 57, 32.06%, 0, 0, 3, 921.53, 400743, 579
1277, 0, 413, 487, 248, 56, 32.06%, 0, 0, 3, 896.06, 405218, 579
1282, 0, 413, 487, 248, 56, 32.06%, 0, 0, 3, 909.05, 409817, 579
1287, 0, 414, 487, 247, 55, 32.06%, 0, 0, 3, 914.10, 414427, 579
1293, 0, 415, 487, 246, 54, 32.06%, 0, 0, 3, 941.78, 418731, 579
1298, 0, 415, 487, 246, 54, 32.06%, 0, 0, 3, 869.26, 423081, 579
1303, 0, 416, 487, 245, 53, 32.06%, 0, 0, 3, 910.69, 427571, 579
1308, 0, 416, 487, 245, 53, 32.06%, 0, 0, 3, 898.36, 432174, 579
1313, 0, 417, 487, 244, 52, 32.06%, 0, 0, 3, 912.90, 436825, 579
1318, 0, 417, 487, 244, 52, 32.06%, 0, 0, 3, 930.39, 441577, 579
1323, 0, 418, 487, 243, 51, 32.06%, 0, 0, 3, 930.51, 446331, 579
1328, 0, 419, 487, 242, 50, 32.06%, 0, 0, 3, 931.54, 451085, 579
1334, 0, 419, 487, 242, 50, 32.06%, 0, 0, 3, 955.76, 455829, 579
1339, 0, 420, 487, 241, 49, 32.06%, 0, 0, 3, 948.92, 460734, 579
1344, 0, 420, 487, 241, 49, 32.06%, 0, 0, 3, 900.22, 464479, 579
1349, 0, 421, 487, 240, 48, 32.06%, 0, 0, 3, 899.11, 468884, 579
1354, 0, 421, 487, 240, 48, 32.06%, 0, 0, 3, 870.03, 473219, 579
1359, 0, 424, 487, 239, 47, 32.06%, 0, 0, 3, 885.82, 477807, 579
1364, 0, 424, 487, 239, 47, 32.06%, 0, 0, 3, 829.67, 481683, 579
1369, 0, 425, 487, 238, 46, 32.06%, 0, 0, 3, 864.81, 486118, 579
1374, 0, 425, 488, 239, 46, 32.06%, 0, 0, 3, 891.85, 490597, 579
1380, 0, 426, 488, 238, 45, 32.06%, 0, 0, 3, 915.51, 495347, 579
1385, 0, 427, 488, 237, 44, 32.06%, 0, 0, 3, 952.99, 500173, 579
1390, 0, 427, 488, 237, 44, 32.06%, 0, 0, 3, 900.11, 502819, 579
1395, 0, 427, 488, 237, 44, 32.06%, 0, 0, 3, 837.33, 506828, 579
1400, 0, 429, 488, 236, 43, 32.06%, 0, 0, 3, 848.11, 511147, 579
1405, 0, 429, 488, 236, 43, 32.06%, 0, 0, 3, 798.63, 514998, 579
1410, 0, 430, 488, 235, 42, 32.06%, 0, 0, 3, 843.92, 519419, 579
1415, 0, 430, 488, 235, 42, 32.06%, 0, 0, 3, 889.25, 523943, 579
1420, 0, 431, 488, 234, 41, 32.06%, 0, 0, 3, 875.83, 528191, 579
1425, 0, 432, 488, 233, 40, 32.06%, 0, 0, 3, 911.85, 532869, 579
1431, 0, 432, 488, 233, 40, 32.06%, 0, 0, 3, 913.75, 537549, 579
1436, 0, 433, 488, 232, 39, 32.06%, 0, 0, 3, 881.86, 542025, 579
1441, 0, 433, 488, 232, 39, 32.06%, 0, 0, 3, 853.35, 546173, 579
1446, 0, 435, 488, 231, 38, 32.06%, 0, 0, 3, 795.88, 550059, 579
1451, 0, 435, 488, 231, 38, 32.06%, 0, 0, 3, 903.57, 553771, 579
1456, 0, 435, 488, 231, 38, 32.06%, 0, 0, 3, 985.00, 557302, 579
1461, 0, 436, 488, 230, 37, 32.06%, 0, 0, 3, 645.02, 561219, 579
1466, 0, 437, 488, 229, 36, 32.06%, 0, 0, 3, 881.82, 566108, 579
1472, 0, 437, 488, 229, 36, 32.06%, 0, 0, 3, 914.25, 570839, 579
1477, 0, 438, 488, 228, 35, 32.06%, 0, 0, 3, 833.16, 574523, 579
1482, 0, 438, 488, 228, 35, 32.06%, 0, 0, 3, 846.20, 578779, 579
1487, 0, 439, 488, 227, 34, 32.06%, 0, 0, 3, 929.32, 583155, 579
1492, 0, 439, 488, 227, 34, 32.06%, 0, 0, 3, 895.43, 587583, 579
1497, 0, 440, 488, 226, 33, 32.06%, 0, 0, 3, 913.11, 592013, 579
1502, 0, 440, 488, 226, 33, 32.06%, 0, 0, 3, 902.46, 596549, 579
1507, 0, 441, 488, 225, 32, 32.06%, 0, 0, 3, 898.48, 601239, 579
1512, 0, 441, 488, 225, 32, 32.06%, 0, 0, 3, 885.20, 605710, 579
1518, 0, 442, 488, 224, 31, 32.06%, 0, 0, 3, 924.17, 610413, 579
1523, 0, 443, 488, 223, 30, 32.06%, 0, 0, 3, 937.83, 615167, 579
1528, 0, 443, 488, 223, 30, 32.06%, 0, 0, 3, 937.81, 619883, 579
1533, 0, 444, 488, 222, 29, 32.06%, 0, 0, 3, 946.39, 624637, 579
1538, 0, 444, 488, 222, 29, 32.06%, 0, 0, 3, 961.04, 629123, 579
1543, 0, 445, 488, 221, 28, 32.06%, 0, 0, 3, 912.22, 633855, 579
1548, 0, 445, 488, 221, 28, 32.06%, 0, 0, 3, 818.96, 637951, 579
1553, 0, 446, 488, 220, 27, 32.06%, 0, 0, 3, 881.55, 642389, 579
1559, 0, 446, 488, 220, 27, 32.06%, 0, 0, 3, 913.93, 647051, 579
1564, 0, 447, 488, 219, 26, 32.06%, 0, 0, 3, 902.52, 651499, 579
1569, 0, 448, 488, 218, 25, 32.06%, 0, 0, 3, 859.11, 655778, 579
1574, 0, 448, 488, 218, 25, 32.06%, 0, 0, 3, 913.15, 660501, 579
1582, 0, 453, 488, 217, 24, 32.06%, 0, 0, 3, 40.05, 663870, 579
1587, 0, 453, 488, 217, 24, 32.06%, 0, 0, 3, 32.73, 663961, 579
1592, 0, 453, 488, 217, 24, 32.06%, 0, 0, 3, 15.77, 664057, 579
1598, 0, 453, 488, 217, 24, 32.06%, 0, 0, 3, 27.04, 664199, 579
1603, 0, 453, 488, 217, 24, 32.06%, 0, 0, 3, 1.53, 664335, 579
1608, 0, 453, 488, 217, 24, 32.06%, 0, 0, 3, 46.20, 664599, 579
1613, 0, 453, 488, 217, 24, 32.06%, 0, 0, 3, 50.52, 664862, 579
1618, 0, 453, 488, 217, 24, 32.06%, 0, 0, 3, 53.88, 665143, 579
1624, 0, 453, 488, 217, 24, 32.06%, 0, 0, 3, 55.36, 665428, 579
1629, 0, 453, 488, 217, 24, 32.06%, 0, 0, 3, 55.43, 665712, 579
1634, 0, 453, 488, 217, 24, 32.06%, 0, 0, 3, 55.00, 665960, 579
1639, 0, 453, 488, 217, 24, 32.06%, 0, 0, 3, 55.93, 666245, 579
1644, 0, 453, 488, 217, 24, 32.06%, 0, 0, 3, 55.38, 666525, 579
1649, 0, 453, 488, 217, 24, 32.06%, 0, 0, 3, 53.84, 666768, 579
1654, 0, 453, 488, 217, 24, 32.06%, 0, 0, 3, 49.83, 667032, 579
1659, 0, 453, 488, 217, 24, 32.06%, 0, 0, 3, 51.70, 667291, 579
1664, 0, 453, 488, 217, 24, 32.06%, 0, 0, 3, 54.00, 667570, 579
1670, 0, 453, 488, 217, 24, 32.06%, 0, 0, 3, 54.47, 667854, 579
1675, 0, 453, 488, 217, 24, 32.06%, 0, 0, 3, 56.12, 668147, 579
1680, 0, 453, 488, 217, 24, 32.06%, 0, 0, 3, 9.19, 668415, 579
1685, 0, 453, 488, 217, 24, 32.06%, 0, 0, 3, 13.05, 668494, 579
1691, 0, 453, 488, 217, 24, 32.06%, 0, 0, 3, 13.96, 668566, 579
1696, 0, 453, 488, 217, 24, 32.06%, 0, 0, 3, 15.51, 668654, 579
1701, 0, 453, 488, 217, 24, 32.06%, 0, 0, 3, 2.21, 668711, 579
1707, 0, 453, 488, 217, 24, 32.06%, 0, 0, 3, 3.18, 668729, 579
1712, 0, 453, 488, 217, 24, 32.06%, 0, 0, 3, 2.29, 668735, 579
1718, 0, 453, 488, 217, 24, 32.06%, 0, 0, 3, 3.12, 668751, 579
1723, 0, 453, 488, 217, 24, 32.06%, 0, 0, 3, 39.19, 668892, 579
1728, 0, 453, 488, 217, 24, 32.06%, 0, 0, 3, 60.61, 669177, 579
1733, 0, 453, 488, 217, 24, 32.06%, 0, 0, 3, 54.32, 669422, 579
1738, 0, 453, 488, 217, 24, 32.06%, 0, 0, 3, 51.72, 669664, 579
1744, 0, 453, 488, 217, 24, 32.06%, 0, 0, 3, 7.98, 669887, 579
1749, 0, 453, 488, 217, 24, 32.06%, 0, 0, 3, 55.11, 670090, 579
1755, 0, 453, 488, 217, 24, 32.06%, 0, 0, 3, 36.47, 670190, 579
1760, 0, 453, 488, 217, 24, 32.06%, 0, 0, 3, 37.19, 670347, 579
1765, 0, 453, 488, 217, 24, 32.06%, 0, 0, 3, 52.96, 670641, 579
1770, 0, 453, 488, 217, 24, 32.06%, 0, 0, 3, 55.59, 670929, 579
1775, 0, 453, 488, 217, 24, 32.06%, 0, 0, 3, 55.78, 671215, 579
1780, 0, 453, 488, 217, 24, 32.06%, 0, 0, 3, 55.19, 671495, 579
1785, 0, 453, 488, 217, 24, 32.06%, 0, 0, 3, 48.86, 671728, 579
1791, 0, 453, 488, 217, 24, 32.06%, 0, 0, 3, 6.53, 671814, 579
1796, 0, 453, 488, 217, 24, 32.06%, 0, 0, 3, 30.82, 671944, 579
1801, 0, 453, 488, 217, 24, 32.06%, 0, 0, 3, 47.50, 672210, 579
1806, 0, 453, 488, 217, 24, 32.06%, 0, 0, 3, 50.84, 672349, 579
1811, 0, 453, 488, 217, 24, 32.06%, 0, 0, 3, 48.01, 672594, 579
1816, 0, 453, 488, 217, 24, 32.06%, 0, 0, 3, 57.96, 672745, 579
1821, 0, 453, 488, 217, 24, 32.06%, 0, 0, 3, 57.58, 673035, 579
1826, 0, 453, 488, 217, 24, 32.06%, 0, 0, 3, 58.39, 673331, 579
1831, 0, 453, 488, 217, 24, 32.06%, 0, 0, 3, 57.59, 673619, 579
1836, 0, 453, 488, 217, 24, 32.06%, 0, 0, 3, 57.44, 673910, 579
1841, 0, 453, 488, 217, 24, 32.06%, 0, 0, 3, 60.20, 674217, 579
1846, 0, 453, 488, 217, 24, 32.06%, 0, 0, 3, 59.32, 674525, 579
1851, 0, 453, 488, 217, 24, 32.06%, 0, 0, 3, 57.19, 674810, 579
1856, 0, 453, 488, 217, 24, 32.06%, 0, 0, 3, 54.33, 675084, 579
1861, 0, 453, 488, 217, 24, 32.06%, 0, 0, 3, 52.60, 675333, 579
1867, 0, 453, 488, 217, 24, 32.06%, 0, 0, 3, 56.88, 675622, 579
1872, 0, 453, 488, 217, 24, 32.06%, 0, 0, 3, 51.61, 675841, 579
1877, 0, 453, 488, 217, 24, 32.06%, 0, 0, 3, 55.18, 676126, 579
1882, 0, 453, 488, 217, 24, 32.06%, 0, 0, 3, 22.31, 676256, 579
1888, 0, 453, 488, 217, 24, 32.06%, 0, 0, 3, 1.11, 676362, 579
1893, 0, 453, 488, 217, 24, 32.06%, 0, 0, 3, 36.91, 676507, 579
1898, 0, 453, 488, 217, 24, 32.06%, 0, 0, 3, 55.15, 676759, 579
1904, 0, 453, 488, 217, 24, 32.06%, 0, 0, 3, 38.63, 677011, 579
1909, 0, 453, 488, 217, 24, 32.06%, 0, 0, 3, 53.38, 677204, 579
1914, 0, 453, 488, 217, 24, 32.06%, 0, 0, 3, 54.73, 677490, 579
1919, 0, 453, 488, 217, 24, 32.06%, 0, 0, 3, 55.38, 677779, 579
1924, 0, 453, 488, 217, 24, 32.06%, 0, 0, 3, 54.20, 678047, 579
1929, 0, 453, 488, 217, 24, 32.06%, 0, 0, 3, 50.47, 678286, 579
1935, 0, 453, 488, 217, 24, 32.06%, 0, 0, 3, 8.70, 678508, 579
1940, 0, 453, 488, 217, 24, 32.06%, 0, 0, 3, 27.52, 678683, 579
1945, 0, 453, 488, 217, 24, 32.06%, 0, 0, 3, 38.66, 678885, 579
1950, 0, 453, 488, 217, 24, 32.06%, 0, 0, 3, 5.80, 678928, 579
1955, 0, 453, 488, 217, 24, 32.06%, 0, 0, 3, 4.44, 678989, 579
1960, 0, 453, 488, 217, 24, 32.06%, 0, 0, 3, 47.80, 679117, 579
1966, 0, 453, 488, 217, 24, 32.06%, 0, 0, 3, 53.32, 679305, 579
1971, 0, 453, 488, 217, 24, 32.06%, 0, 0, 3, 31.76, 679469, 579
1976, 0, 453, 488, 217, 24, 32.06%, 0, 0, 3, 7.93, 679686, 579
1981, 0, 453, 488, 217, 24, 32.06%, 0, 0, 3, 51.12, 679944, 579
1986, 0, 453, 488, 217, 24, 32.06%, 0, 0, 3, 54.25, 680218, 579
1992, 0, 453, 488, 217, 24, 32.06%, 0, 0, 3, 44.95, 680425, 579
1997, 0, 453, 488, 217, 24, 32.06%, 0, 0, 3, 4.82, 680537, 579
2002, 0, 453, 488, 217, 24, 32.06%, 0, 0, 3, 20.39, 680618, 579
2007, 0, 453, 488, 217, 24, 32.06%, 0, 0, 3, 53.92, 680708, 579
2012, 0, 453, 488, 217, 24, 32.06%, 0, 0, 3, 8.04, 680801, 579
2017, 0, 453, 488, 217, 24, 32.06%, 0, 0, 3, 2.55, 680842, 579
2022, 0, 453, 488, 217, 24, 32.06%, 0, 0, 3, 4.85, 680869, 579
2028, 0, 453, 488, 217, 24, 32.06%, 0, 0, 3, 5.20, 680886, 579
2033, 0, 453, 488, 217, 24, 32.06%, 0, 0, 3, 5.93, 680919, 579
2038, 0, 453, 488, 217, 24, 32.06%, 0, 0, 3, 55.48, 681187, 579
2044, 0, 453, 488, 217, 24, 32.06%, 0, 0, 3, 3.23, 681366, 579
2049, 0, 453, 488, 217, 24, 32.06%, 0, 0, 3, 55.55, 681601, 579
2054, 0, 453, 488, 217, 24, 32.06%, 0, 0, 3, 53.29, 681860, 579
2059, 0, 453, 488, 217, 24, 32.06%, 0, 0, 3, 60.08, 682124, 579
2064, 0, 453, 488, 217, 24, 32.06%, 0, 0, 3, 1.93, 682231, 579
2069, 0, 453, 488, 217, 24, 32.06%, 0, 0, 3, 3.61, 682258, 579
2074, 0, 453, 488, 217, 24, 32.06%, 0, 0, 3, 7.12, 682325, 579
2080, 0, 453, 488, 217, 24, 32.06%, 0, 0, 3, 7.33, 682369, 579
2085, 0, 453, 488, 217, 24, 32.06%, 0, 0, 3, 1.40, 682385, 579
2090, 0, 453, 488, 217, 24, 32.06%, 0, 0, 3, 2.14, 682396, 579
2096, 0, 453, 488, 217, 24, 32.06%, 0, 0, 3, 3.43, 682414, 579
2101, 0, 453, 488, 217, 24, 32.06%, 0, 0, 3, 51.56, 682506, 579
2106, 0, 453, 488, 217, 24, 32.06%, 0, 0, 3, 54.00, 682783, 579
2111, 0, 453, 488, 217, 24, 32.06%, 0, 0, 3, 52.37, 683043, 579
2116, 0, 453, 488, 217, 24, 32.06%, 0, 0, 3, 53.16, 683288, 579
2122, 0, 453, 488, 217, 24, 32.06%, 0, 0, 3, 51.48, 683559, 579
2127, 0, 453, 488, 217, 24, 32.06%, 0, 0, 3, 55.69, 683832, 579
2133, 0, 453, 488, 217, 24, 32.06%, 0, 0, 3, 6.66, 683925, 579
2138, 0, 453, 488, 217, 24, 32.06%, 0, 0, 3, 7.66, 684030, 579
2143, 0, 453, 488, 217, 24, 32.06%, 0, 0, 3, 55.70, 684255, 579
2148, 0, 453, 488, 217, 24, 32.06%, 0, 0, 3, 55.03, 684540, 579
2153, 0, 453, 488, 217, 24, 32.06%, 0, 0, 3, 42.76, 684689, 579
2158, 0, 453, 488, 217, 24, 32.06%, 0, 0, 3, 51.10, 684934, 579
2165, 0, 453, 488, 217, 24, 32.06%, 0, 0, 3, 6.77, 685063, 579
2170, 0, 453, 488, 217, 24, 32.06%, 0, 0, 3, 37.39, 685276, 579
2175, 0, 453, 488, 217, 24, 32.06%, 0, 0, 3, 49.83, 685552, 579
2180, 0, 453, 488, 217, 24, 32.06%, 0, 0, 3, 50.22, 685796, 579
2185, 0, 453, 488, 217, 24, 32.06%, 0, 0, 3, 51.45, 686051, 579
2191, 0, 453, 488, 217, 24, 32.06%, 0, 0, 3, 55.33, 686305, 579
2196, 0, 453, 488, 217, 24, 32.06%, 0, 0, 3, 8.18, 686424, 579
2201, 0, 453, 488, 217, 24, 32.06%, 0, 0, 3, 9.58, 686500, 579
2206, 0, 453, 488, 217, 24, 32.06%, 0, 0, 3, 20.45, 686559, 579
2212, 0, 453, 488, 217, 24, 32.06%, 0, 0, 3, 50.88, 686808, 579
2217, 0, 453, 488, 217, 24, 32.06%, 0, 0, 3, 54.55, 687084, 579
2222, 0, 453, 488, 217, 24, 32.06%, 0, 0, 3, 54.10, 687355, 579
2227, 0, 453, 488, 217, 24, 32.06%, 0, 0, 3, 1.47, 687513, 579
2232, 0, 453, 488, 217, 24, 32.06%, 0, 0, 3, 27.16, 687619, 579
2238, 0, 453, 488, 217, 24, 32.06%, 0, 0, 3, 46.78, 687875, 579
2243, 0, 453, 488, 217, 24, 32.06%, 0, 0, 3, 49.19, 688128, 579
2248, 0, 453, 488, 217, 24, 32.06%, 0, 0, 3, 54.54, 688408, 579
2253, 0, 453, 488, 217, 24, 32.06%, 0, 0, 3, 54.99, 688674, 579
2258, 0, 453, 488, 217, 24, 32.06%, 0, 0, 3, 54.86, 688953, 579
2263, 0, 453, 488, 217, 24, 32.06%, 0, 0, 3, 55.94, 689239, 579
2268, 0, 453, 488, 217, 24, 32.06%, 0, 0, 3, 45.74, 689453, 579
2273, 0, 453, 488, 217, 24, 32.06%, 0, 0, 3, 4.81, 689647, 579
2278, 0, 453, 488, 217, 24, 32.06%, 0, 0, 3, 53.54, 689837, 579
2283, 0, 453, 488, 217, 24, 32.06%, 0, 0, 3, 51.21, 689994, 579
2288, 0, 453, 488, 217, 24, 32.06%, 0, 0, 3, 4.37, 690120, 579
2294, 0, 453, 488, 217, 24, 32.06%, 0, 0, 3, 6.68, 690214, 579
2299, 0, 453, 489, 218, 24, 32.06%, 0, 0, 3, 51.51, 690388, 579
2304, 0, 453, 489, 218, 24, 32.06%, 0, 0, 3, 49.34, 690566, 579
2309, 0, 453, 489, 218, 24, 32.06%, 0, 0, 3, 53.90, 690801, 579
2314, 0, 453, 489, 218, 24, 32.06%, 0, 0, 3, 55.08, 691084, 579
2319, 0, 453, 489, 218, 24, 32.06%, 0, 0, 3, 49.75, 691152, 579
2324, 0, 453, 489, 218, 24, 32.06%, 0, 0, 3, 51.64, 691415, 579
2329, 0, 453, 489, 218, 24, 32.06%, 0, 0, 3, 5.48, 691513, 579
2335, 0, 453, 489, 218, 24, 32.06%, 0, 0, 3, 47.60, 691718, 579
2340, 0, 453, 489, 218, 24, 32.06%, 0, 0, 3, 51.14, 691975, 579
2345, 0, 453, 489, 218, 24, 32.06%, 0, 0, 3, 54.08, 692249, 579
2350, 0, 453, 489, 218, 24, 32.06%, 0, 0, 3, 55.57, 692517, 579
2355, 0, 453, 490, 219, 24, 32.06%, 0, 0, 3, 51.15, 692774, 579
2360, 0, 453, 490, 219, 24, 32.06%, 0, 0, 3, 26.63, 692967, 579
2365, 0, 453, 490, 219, 24, 32.06%, 0, 0, 3, 44.61, 693234, 579
2370, 0, 453, 490, 219, 24, 32.06%, 0, 0, 3, 56.82, 693459, 579
2375, 0, 453, 490, 219, 24, 32.06%, 0, 0, 3, 21.23, 693607, 579
2380, 0, 453, 490, 219, 24, 32.06%, 0, 0, 3, 52.19, 693789, 579
2386, 0, 453, 490, 219, 24, 32.06%, 0, 0, 3, 44.65, 693993, 579
2391, 0, 453, 490, 219, 24, 32.06%, 0, 0, 3, 8.21, 694048, 579
2396, 0, 453, 490, 219, 24, 32.06%, 0, 0, 3, 8.32, 694089, 579
2401, 0, 453, 490, 219, 24, 32.06%, 0, 0, 3, 48.31, 694145, 579
2406, 0, 453, 490, 219, 24, 32.06%, 0, 0, 3, 54.66, 694229, 579
2411, 0, 453, 490, 219, 24, 32.06%, 0, 0, 3, 55.21, 694511, 579
2416, 0, 453, 490, 219, 24, 32.06%, 0, 0, 3, 55.23, 694791, 579
2421, 0, 453, 490, 219, 24, 32.06%, 0, 0, 3, 54.62, 695074, 579
2427, 0, 453, 490, 219, 24, 32.06%, 0, 0, 3, 2.72, 695146, 579
2433, 0, 453, 490, 219, 24, 32.06%, 0, 0, 3, 2.42, 695169, 579
2438, 0, 453, 490, 219, 24, 32.06%, 0, 0, 3, 44.94, 695379, 579
2443, 0, 453, 490, 219, 24, 32.06%, 0, 0, 3, 51.21, 695643, 579
2448, 0, 453, 490, 219, 24, 32.06%, 0, 0, 3, 53.75, 695921, 579
2453, 0, 453, 490, 219, 24, 32.06%, 0, 0, 3, 53.04, 696115, 579
2458, 0, 453, 490, 219, 24, 32.06%, 0, 0, 3, 50.32, 696359, 579
2463, 0, 453, 490, 219, 24, 32.06%, 0, 0, 3, 47.08, 696606, 579
2468, 0, 455, 490, 218, 23, 32.06%, 0, 0, 3, 42.47, 696737, 579
2474, 0, 455, 490, 218, 23, 32.06%, 0, 0, 3, 13.82, 696782, 579
2479, 0, 455, 490, 218, 23, 32.06%, 0, 0, 3, 19.77, 696846, 579
2484, 0, 455, 490, 218, 23, 32.06%, 0, 0, 3, 16.36, 696906, 579
2490, 0, 455, 490, 218, 23, 32.06%, 0, 0, 3, 3.46, 696937, 579
2496, 0, 455, 490, 218, 23, 32.06%, 0, 0, 3, 1.49, 696946, 579
2501, 0, 455, 490, 218, 23, 32.06%, 0, 0, 3, 2.30, 696969, 579
2506, 0, 455, 490, 218, 23, 32.06%, 0, 0, 3, 55.96, 697110, 579
2511, 0, 455, 490, 218, 23, 32.06%, 0, 0, 3, 54.28, 697385, 579
2516, 0, 455, 490, 218, 23, 32.06%, 0, 0, 3, 54.16, 697590, 579
2521, 0, 455, 490, 218, 23, 32.06%, 0, 0, 3, 1.28, 697801, 579
2527, 0, 455, 490, 218, 23, 32.06%, 0, 0, 3, 3.99, 697850, 579
2532, 0, 455, 490, 218, 23, 32.06%, 0, 0, 3, 5.10, 697933, 579
2538, 0, 455, 490, 218, 23, 32.06%, 0, 0, 3, 48.55, 698096, 579
2543, 0, 455, 490, 218, 23, 32.06%, 0, 0, 3, 51.67, 698356, 579
2548, 0, 455, 490, 218, 23, 32.06%, 0, 0, 3, 55.34, 698643, 579
2553, 0, 455, 490, 218, 23, 32.06%, 0, 0, 3, 38.28, 698794, 579
2558, 0, 455, 490, 218, 23, 32.06%, 0, 0, 3, 3.44, 698846, 579
2563, 0, 455, 490, 218, 23, 32.06%, 0, 0, 3, 56.50, 698952, 579
2569, 0, 455, 490, 218, 23, 32.06%, 0, 0, 3, 39.84, 699108, 579
2574, 0, 455, 490, 218, 23, 32.06%, 0, 0, 3, 52.79, 699306, 579
2579, 0, 455, 490, 218, 23, 32.06%, 0, 0, 3, 54.17, 699582, 579
2584, 0, 455, 490, 218, 23, 32.06%, 0, 0, 3, 53.81, 699854, 579
2589, 0, 455, 490, 218, 23, 32.06%, 0, 0, 3, 52.28, 700120, 579
2594, 0, 455, 490, 218, 23, 32.06%, 0, 0, 3, 52.72, 700379, 579
2600, 0, 455, 490, 218, 23, 32.06%, 0, 0, 3, 2.35, 700529, 579
2605, 0, 455, 490, 218, 23, 32.06%, 0, 0, 3, 55.37, 700607, 579
2611, 0, 455, 490, 218, 23, 32.06%, 0, 0, 3, 53.59, 700886, 579
2616, 0, 455, 490, 218, 23, 32.06%, 0, 0, 3, 54.94, 701167, 579
2621, 0, 455, 490, 218, 23, 32.06%, 0, 0, 3, 54.04, 701436, 579
2626, 0, 455, 490, 218, 23, 32.06%, 0, 0, 3, 52.48, 701696, 579
2631, 0, 455, 490, 218, 23, 32.06%, 0, 0, 3, 56.21, 701958, 579
2636, 0, 455, 490, 218, 23, 32.06%, 0, 0, 3, 57.66, 702261, 579
2641, 0, 455, 490, 218, 23, 32.06%, 0, 0, 3, 56.81, 702549, 579
2646, 0, 455, 490, 218, 23, 32.06%, 0, 0, 3, 56.39, 702836, 579
2651, 0, 455, 490, 218, 23, 32.06%, 0, 0, 3, 56.13, 703123, 579
2657, 0, 455, 490, 218, 23, 32.06%, 0, 0, 3, 50.71, 703391, 579
2662, 0, 455, 490, 218, 23, 32.06%, 0, 0, 3, 51.77, 703644, 579
2667, 0, 455, 490, 218, 23, 32.06%, 0, 0, 3, 55.34, 703903, 579
2673, 0, 455, 490, 218, 23, 32.06%, 0, 0, 3, 10.90, 704170, 579
2678, 0, 455, 490, 218, 23, 32.06%, 0, 0, 3, 53.52, 704445, 579
2683, 0, 455, 490, 218, 23, 32.06%, 0, 0, 3, 52.67, 704694, 579
2688, 0, 455, 490, 218, 23, 32.06%, 0, 0, 3, 44.46, 704897, 579
2693, 0, 455, 490, 218, 23, 32.06%, 0, 0, 3, 5.86, 704918, 579
2698, 0, 455, 490, 218, 23, 32.06%, 0, 0, 3, 44.58, 705107, 579
2703, 0, 455, 490, 218, 23, 32.06%, 0, 0, 3, 52.04, 705371, 579
2708, 0, 455, 490, 218, 23, 32.06%, 0, 0, 3, 55.52, 705656, 579
2713, 0, 455, 490, 218, 23, 32.06%, 0, 0, 3, 57.29, 705950, 579
2718, 0, 455, 490, 218, 23, 32.06%, 0, 0, 3, 55.32, 706227, 579
2724, 0, 455, 490, 218, 23, 32.06%, 0, 0, 3, 6.84, 706416, 579
2730, 0, 455, 490, 218, 23, 32.06%, 0, 0, 3, 8.16, 706607, 579
2735, 0, 455, 490, 218, 23, 32.06%, 0, 0, 3, 8.65, 706655, 579
2740, 0, 455, 490, 218, 23, 32.06%, 0, 0, 3, 49.13, 706812, 579
2745, 0, 455, 490, 218, 23, 32.06%, 0, 0, 3, 56.49, 707089, 579
2751, 0, 455, 490, 218, 23, 32.06%, 0, 0, 3, 55.83, 707372, 579
2756, 0, 455, 490, 218, 23, 32.06%, 0, 0, 3, 61.37, 707633, 579
2761, 0, 455, 490, 218, 23, 32.06%, 0, 0, 3, 57.32, 707874, 579
2766, 0, 455, 490, 218, 23, 32.06%, 0, 0, 3, 42.88, 708004, 579
2772, 0, 455, 490, 218, 23, 32.06%, 0, 0, 3, 6.39, 708258, 579
2777, 0, 455, 490, 218, 23, 32.06%, 0, 0, 3, 46.67, 708412, 579
2782, 0, 455, 490, 218, 23, 32.06%, 0, 0, 3, 51.60, 708684, 579
2787, 0, 455, 490, 218, 23, 32.06%, 0, 0, 3, 53.69, 708960, 579
2792, 0, 455, 490, 218, 23, 32.06%, 0, 0, 3, 53.89, 709236, 579
2797, 0, 455, 490, 218, 23, 32.06%, 0, 0, 3, 53.96, 709512, 579
2802, 0, 455, 490, 218, 23, 32.06%, 0, 0, 3, 54.89, 709795, 579
2807, 0, 455, 490, 218, 23, 32.06%, 0, 0, 3, 55.01, 710049, 579
2813, 0, 455, 490, 218, 23, 32.06%, 0, 0, 3, 53.58, 710321, 579
2818, 0, 455, 490, 218, 23, 32.06%, 0, 0, 3, 53.92, 710587, 579
2823, 0, 455, 490, 218, 23, 32.06%, 0, 0, 3, 50.12, 710840, 579
2828, 0, 455, 490, 218, 23, 32.06%, 0, 0, 3, 34.91, 710978, 579
2833, 0, 455, 490, 218, 23, 32.06%, 0, 0, 3, 40.12, 711175, 579
2838, 0, 455, 490, 218, 23, 32.06%, 0, 0, 3, 53.61, 711460, 579
2843, 0, 455, 490, 218, 23, 32.06%, 0, 0, 3, 57.61, 711674, 579
2848, 0, 455, 490, 218, 23, 32.06%, 0, 0, 3, 31.25, 711837, 579
2854, 0, 455, 490, 218, 23, 32.06%, 0, 0, 3, 28.60, 711963, 579
2859, 0, 455, 490, 218, 23, 32.06%, 0, 0, 3, 34.72, 712127, 579
2864, 0, 455, 490, 218, 23, 32.06%, 0, 0, 3, 23.32, 712284, 579
2869, 0, 455, 490, 218, 23, 32.06%, 0, 0, 3, 16.78, 712389, 579
2874, 0, 455, 490, 218, 23, 32.06%, 0, 0, 3, 5.66, 712558, 579
2880, 0, 455, 490, 218, 23, 32.06%, 0, 0, 3, 4.82, 712652, 579
2885, 0, 455, 490, 218, 23, 32.06%, 0, 0, 3, 8.38, 712700, 579
2890, 0, 455, 490, 218, 23, 32.06%, 0, 0, 3, 10.15, 712737, 579
2895, 0, 455, 490, 218, 23, 32.06%, 0, 0, 3, 55.42, 712988, 579
2901, 0, 455, 490, 218, 23, 32.06%, 0, 0, 3, 55.37, 713268, 579
2906, 0, 455, 490, 218, 23, 32.06%, 0, 0, 3, 57.05, 713556, 579
2911, 0, 455, 490, 218, 23, 32.06%, 0, 0, 3, 55.49, 713835, 579
2916, 0, 455, 490, 218, 23, 32.06%, 0, 0, 3, 55.55, 714115, 579
2921, 0, 455, 490, 218, 23, 32.06%, 0, 0, 3, 52.62, 714388, 579
2926, 0, 455, 490, 218, 23, 32.06%, 0, 0, 3, 52.16, 714647, 579
2931, 0, 455, 490, 218, 23, 32.06%, 0, 0, 3, 57.29, 714845, 579
2936, 0, 455, 490, 218, 23, 32.06%, 0, 0, 3, 56.46, 715127, 579
2941, 0, 455, 490, 218, 23, 32.06%, 0, 0, 3, 55.80, 715409, 579
2946, 0, 455, 490, 218, 23, 32.06%, 0, 0, 3, 58.41, 715706, 579
2951, 0, 455, 490, 218, 23, 32.06%, 0, 0, 3, 58.57, 716010, 579
2956, 0, 455, 490, 218, 23, 32.06%, 0, 0, 3, 54.89, 716282, 579
2962, 0, 455, 490, 218, 23, 32.06%, 0, 0, 3, 53.18, 716558, 579
2967, 0, 455, 490, 218, 23, 32.06%, 0, 0, 3, 56.70, 716803, 579
2972, 0, 455, 490, 218, 23, 32.06%, 0, 0, 3, 55.38, 717078, 579
2977, 0, 455, 490, 218, 23, 32.06%, 0, 0, 3, 52.26, 717345, 579
2982, 0, 455, 490, 218, 23, 32.06%, 0, 0, 3, 55.70, 717618, 579
2987, 0, 455, 490, 218, 23, 32.06%, 0, 0, 3, 55.63, 717900, 579
2992, 0, 455, 490, 218, 23, 32.06%, 0, 0, 3, 56.20, 718186, 579
2997, 0, 455, 490, 218, 23, 32.06%, 0, 0, 3, 53.51, 718462, 579
3003, 0, 455, 490, 218, 23, 32.06%, 0, 0, 3, 54.58, 718692, 579
3008, 0, 455, 490, 218, 23, 32.06%, 0, 0, 3, 54.69, 718923, 579
3013, 0, 455, 490, 218, 23, 32.06%, 0, 0, 3, 43.37, 719127, 579
3018, 0, 455, 490, 218, 23, 32.06%, 0, 0, 3, 50.23, 719390, 579
3023, 0, 455, 490, 218, 23, 32.06%, 0, 0, 3, 9.37, 719600, 579
3028, 0, 455, 490, 218, 23, 32.06%, 0, 0, 3, 55.19, 719883, 579
3033, 0, 455, 490, 218, 23, 32.06%, 0, 0, 3, 52.05, 720096, 579
3038, 0, 455, 491, 219, 23, 32.06%, 0, 0, 3, 55.32, 720370, 579
3043, 0, 455, 491, 219, 23, 32.06%, 0, 0, 3, 2.28, 720601, 579
3048, 0, 455, 491, 219, 23, 32.06%, 0, 0, 3, 41.76, 720816, 579
3053, 0, 455, 491, 219, 23, 32.06%, 0, 0, 3, 52.06, 721076, 579
3058, 0, 455, 491, 219, 23, 32.06%, 0, 0, 3, 53.90, 721292, 579
3063, 0, 455, 492, 220, 23, 32.06%, 0, 0, 3, 51.32, 721520, 579
3069, 0, 455, 492, 220, 23, 32.06%, 0, 0, 3, 7.55, 721661, 579
3074, 0, 455, 492, 220, 23, 32.06%, 0, 0, 3, 29.32, 721780, 579
3079, 0, 455, 492, 220, 23, 32.06%, 0, 0, 3, 54.92, 721907, 579
3085, 0, 455, 492, 220, 23, 32.06%, 0, 0, 3, 1.49, 722031, 579
3090, 0, 455, 492, 220, 23, 32.06%, 0, 0, 3, 32.54, 722201, 579
3095, 0, 455, 492, 220, 23, 32.06%, 0, 0, 3, 5.32, 722389, 579
3100, 0, 455, 492, 220, 23, 32.06%, 0, 0, 3, 45.00, 722468, 579
3105, 0, 455, 492, 220, 23, 32.06%, 0, 0, 3, 46.08, 722642, 579
3110, 0, 455, 492, 220, 23, 32.06%, 0, 0, 3, 45.08, 722824, 579
3116, 0, 455, 492, 220, 23, 32.06%, 0, 0, 3, 5.76, 722861, 579
3121, 0, 455, 492, 220, 23, 32.06%, 0, 0, 3, 4.07, 722876, 579
3126, 0, 455, 492, 220, 23, 32.06%, 0, 0, 3, 3.69, 722891, 579
3131, 0, 455, 492, 220, 23, 32.06%, 0, 0, 3, 4.21, 722946, 579
3136, 0, 455, 492, 220, 23, 32.06%, 0, 0, 3, 4.60, 722965, 579
3143, 0, 455, 492, 220, 23, 32.06%, 0, 0, 3, 1.73, 723019, 579
3148, 0, 455, 492, 220, 23, 32.06%, 0, 0, 3, 51.64, 723163, 579
3153, 0, 455, 492, 220, 23, 32.06%, 0, 0, 3, 43.34, 723310, 579
3158, 0, 455, 492, 220, 23, 32.06%, 0, 0, 3, 28.59, 723408, 579
3163, 0, 455, 492, 220, 23, 32.06%, 0, 0, 3, 28.34, 723521, 579
3169, 0, 455, 492, 220, 23, 32.06%, 0, 0, 3, 4.49, 723572, 579
3174, 0, 455, 492, 220, 23, 32.06%, 0, 0, 3, 5.06, 723597, 579
3179, 0, 455, 492, 220, 23, 32.06%, 0, 0, 3, 12.24, 723663, 579
3185, 0, 455, 492, 220, 23, 32.06%, 0, 0, 3, 17.93, 723750, 579
3190, 0, 455, 492, 220, 23, 32.06%, 0, 0, 3, 49.72, 723931, 579
3195, 0, 455, 492, 220, 23, 32.06%, 0, 0, 3, 54.00, 724216, 579
3200, 0, 455, 492, 220, 23, 32.06%, 0, 0, 3, 51.75, 724457, 579
3205, 0, 455, 492, 220, 23, 32.06%, 0, 0, 3, 53.29, 724728, 579
3210, 0, 455, 492, 220, 23, 32.06%, 0, 0, 3, 54.30, 725005, 579
3215, 0, 455, 492, 220, 23, 32.06%, 0, 0, 3, 54.33, 725282, 579
3220, 0, 455, 492, 220, 23, 32.06%, 0, 0, 3, 9.95, 725375, 579
3226, 0, 455, 492, 220, 23, 32.06%, 0, 0, 3, 2.32, 725429, 579
3231, 0, 455, 492, 220, 23, 32.06%, 0, 0, 3, 15.47, 725485, 579
3237, 0, 455, 492, 220, 23, 32.06%, 0, 0, 3, 13.39, 725533, 579
3242, 0, 455, 492, 220, 23, 32.06%, 0, 0, 3, 1.79, 725541, 579
3247, 0, 455, 492, 220, 23, 32.06%, 0, 0, 3, 4.56, 725557, 579
3253, 0, 455, 492, 220, 23, 32.06%, 0, 0, 3, 0.67, 725566, 579
3258, 0, 455, 492, 220, 23, 32.06%, 0, 0, 3, 53.29, 725671, 579
3263, 0, 455, 492, 220, 23, 32.06%, 0, 0, 3, 52.21, 725931, 579
3268, 0, 455, 492, 220, 23, 32.06%, 0, 0, 3, 54.59, 726205, 579
3274, 0, 455, 492, 220, 23, 32.06%, 0, 0, 3, 53.05, 726486, 579
3279, 0, 455, 492, 220, 23, 32.06%, 0, 0, 3, 52.49, 726734, 579
3284, 0, 455, 492, 220, 23, 32.06%, 0, 0, 3, 6.14, 726861, 579
3289, 0, 455, 492, 220, 23, 32.06%, 0, 0, 3, 39.76, 726978, 579
3294, 0, 455, 492, 220, 23, 32.06%, 0, 0, 3, 51.09, 727108, 579
3299, 0, 455, 492, 220, 23, 32.06%, 0, 0, 3, 53.60, 727373, 579
3305, 0, 455, 492, 220, 23, 32.06%, 0, 0, 3, 2.87, 727503, 579
3310, 0, 455, 492, 220, 23, 32.06%, 0, 0, 3, 43.51, 727735, 579
3315, 0, 455, 492, 220, 23, 32.06%, 0, 0, 3, 53.22, 728019, 579
3320, 0, 455, 492, 220, 23, 32.06%, 0, 0, 3, 55.19, 728305, 579
3325, 0, 455, 493, 221, 23, 32.06%, 0, 0, 3, 54.65, 728577, 579
3330, 0, 455, 493, 221, 23, 32.06%, 0, 0, 3, 56.24, 728837, 579
3335, 0, 455, 493, 221, 23, 32.06%, 0, 0, 3, 56.21, 729124, 579
3340, 0, 455, 493, 221, 23, 32.06%, 0, 0, 3, 53.86, 729394, 579
3346, 0, 458, 515, 242, 28, 32.45%, 0, 0, 3, 54.75, 729894, 586
3351, 0, 458, 515, 242, 28, 32.45%, 0, 0, 3, 55.71, 730179, 586
3356, 0, 458, 515, 242, 28, 32.45%, 0, 0, 3, 52.85, 730438, 586
3361, 0, 458, 515, 242, 28, 32.45%, 0, 0, 3, 6.30, 730484, 586
3366, 0, 458, 515, 242, 28, 32.45%, 0, 0, 3, 53.35, 730740, 586
3371, 0, 458, 515, 242, 28, 32.45%, 0, 0, 3, 55.36, 731021, 586
3376, 0, 458, 515, 242, 28, 32.45%, 0, 0, 3, 22.18, 731285, 586
3382, 0, 458, 515, 242, 28, 32.45%, 0, 0, 3, 46.42, 731551, 586
3387, 0, 458, 515, 242, 28, 32.45%, 0, 0, 3, 53.01, 731827, 586
3392, 0, 458, 515, 242, 28, 32.45%, 0, 0, 3, 54.99, 732048, 586
3397, 0, 458, 515, 242, 28, 32.45%, 0, 0, 3, 53.39, 732295, 586
3402, 0, 458, 515, 242, 28, 32.45%, 0, 0, 3, 53.77, 732568, 586
3407, 0, 458, 515, 242, 28, 32.45%, 0, 0, 3, 55.47, 732832, 586
3412, 0, 458, 515, 242, 28, 32.45%, 0, 0, 3, 55.56, 733117, 586
3417, 0, 458, 515, 242, 28, 32.45%, 0, 0, 3, 47.47, 733306, 586
3422, 0, 458, 515, 242, 28, 32.45%, 0, 0, 3, 5.59, 733410, 586
3428, 0, 458, 515, 242, 28, 32.45%, 0, 0, 3, 55.03, 733536, 586
3433, 0, 458, 515, 242, 28, 32.45%, 0, 0, 3, 55.66, 733817, 586
3438, 0, 458, 515, 242, 28, 32.45%, 0, 0, 3, 54.95, 734093, 586
3443, 0, 458, 515, 242, 28, 32.45%, 0, 0, 3, 52.96, 734348, 586
3448, 0, 458, 515, 242, 28, 32.45%, 0, 0, 3, 54.77, 734633, 586
3453, 0, 458, 515, 242, 28, 32.45%, 0, 0, 3, 54.62, 734810, 586
3458, 0, 458, 515, 242, 28, 32.45%, 0, 0, 3, 55.12, 735088, 586
3463, 0, 458, 515, 242, 28, 32.45%, 0, 0, 3, 54.79, 735368, 586
3468, 0, 458, 515, 242, 28, 32.45%, 0, 0, 3, 54.31, 735637, 586
3473, 0, 458, 515, 242, 28, 32.45%, 0, 0, 3, 54.48, 735920, 586
3479, 0, 458, 515, 242, 28, 32.45%, 0, 0, 3, 52.34, 736168, 586
3484, 0, 458, 515, 242, 28, 32.45%, 0, 0, 3, 1.42, 736377, 586
3489, 0, 458, 515, 242, 28, 32.45%, 0, 0, 3, 36.46, 736554, 586
3495, 0, 458, 515, 242, 28, 32.45%, 0, 0, 3, 50.98, 736836, 586
3500, 0, 458, 515, 242, 28, 32.45%, 0, 0, 3, 51.69, 737100, 586
3505, 0, 458, 515, 242, 28, 32.45%, 0, 0, 3, 53.63, 737334, 586
3510, 0, 458, 515, 242, 28, 32.45%, 0, 0, 3, 29.62, 737509, 586
3515, 0, 458, 515, 242, 28, 32.45%, 0, 0, 3, 1.25, 737573, 586
3520, 0, 458, 515, 242, 28, 32.45%, 0, 0, 3, 38.54, 737771, 586
3525, 0, 458, 515, 242, 28, 32.45%, 0, 0, 3, 41.22, 737990, 586
3531, 0, 458, 515, 242, 28, 32.45%, 0, 0, 3, 5.87, 738157, 586
3536, 0, 458, 515, 242, 28, 32.45%, 0, 0, 3, 44.55, 738240, 586
3541, 0, 458, 515, 242, 28, 32.45%, 0, 0, 3, 45.73, 738465, 586
3546, 0, 458, 515, 242, 28, 32.45%, 0, 0, 3, 52.11, 738736, 586
3551, 0, 458, 515, 242, 28, 32.45%, 0, 0, 3, 8.20, 738924, 586
3556, 0, 458, 515, 242, 28, 32.45%, 0, 0, 3, 55.54, 739173, 586
3561, 0, 458, 515, 242, 28, 32.45%, 0, 0, 3, 55.41, 739457, 586
3566, 0, 458, 515, 242, 28, 32.45%, 0, 0, 3, 55.68, 739744, 586
3571, 0, 458, 515, 242, 28, 32.45%, 0, 0, 3, 55.18, 740020, 586
3577, 0, 458, 515, 242, 28, 32.45%, 0, 0, 3, 0.92, 740081, 586
3582, 0, 458, 515, 242, 28, 32.45%, 0, 0, 3, 51.33, 740341, 586
3587, 0, 458, 515, 242, 28, 32.45%, 0, 0, 3, 53.15, 740610, 586
3592, 0, 458, 515, 242, 28, 32.45%, 0, 0, 3, 52.76, 740881, 586
3597, 0, 458, 515, 242, 28, 32.45%, 0, 0, 3, 52.83, 741139, 586
3603, 0, 458, 515, 242, 28, 32.45%, 0, 0, 3, 55.47, 741430, 586
3608, 0, 458, 515, 242, 28, 32.45%, 0, 0, 3, 56.41, 741724, 586
3613, 0, 458, 515, 242, 28, 32.45%, 0, 0, 3, 52.55, 741995, 586
3618, 0, 458, 515, 242, 28, 32.45%, 0, 0, 3, 5.13, 742178, 586
3623, 0, 458, 515, 242, 28, 32.45%, 0, 0, 3, 6.15, 742212, 586
3628, 0, 458, 515, 242, 28, 32.45%, 0, 0, 3, 7.03, 742252, 586
3634, 0, 458, 515, 242, 28, 32.45%, 0, 0, 3, 8.55, 742306, 586
3639, 0, 458, 515, 242, 28, 32.45%, 0, 0, 3, 8.16, 742345, 586
3645, 0, 458, 515, 242, 28, 32.45%, 0, 0, 3, 0.37, 742349, 586
3651, 0, 458, 515, 242, 28, 32.45%, 0, 0, 3, 2.74, 742360, 586
3656, 0, 458, 515, 242, 28, 32.45%, 0, 0, 3, 2.57, 742378, 586
3661, 0, 458, 515, 242, 28, 32.45%, 0, 0, 3, 57.29, 742628, 586
3666, 0, 458, 515, 242, 28, 32.45%, 0, 0, 3, 56.16, 742905, 586
3671, 0, 458, 515, 242, 28, 32.45%, 0, 0, 3, 49.44, 743154, 586
3676, 0, 458, 515, 242, 28, 32.45%, 0, 0, 3, 55.91, 743443, 586
3682, 0, 458, 515, 242, 28, 32.45%, 0, 0, 3, 53.06, 743708, 586
3687, 0, 458, 515, 242, 28, 32.45%, 0, 0, 3, 53.35, 743972, 586
3692, 0, 458, 515, 242, 28, 32.45%, 0, 0, 3, 35.46, 744181, 586
3697, 0, 458, 515, 242, 28, 32.45%, 0, 0, 3, 53.26, 744421, 586
3702, 0, 458, 515, 242, 28, 32.45%, 0, 0, 3, 53.06, 744670, 586
3707, 0, 458, 515, 242, 28, 32.45%, 0, 0, 3, 7.49, 744814, 586
3712, 0, 458, 515, 242, 28, 32.45%, 0, 0, 3, 50.19, 745059, 586
3717, 0, 458, 515, 242, 28, 32.45%, 0, 0, 3, 53.77, 745340, 586
3722, 0, 458, 515, 242, 28, 32.45%, 0, 0, 3, 53.74, 745604, 586
3727, 0, 458, 515, 242, 28, 32.45%, 0, 0, 3, 54.43, 745881, 586
3733, 0, 458, 515, 242, 28, 32.45%, 0, 0, 3, 8.81, 746111, 586
3738, 0, 458, 515, 242, 28, 32.45%, 0, 0, 3, 55.60, 746381, 586
3743, 0, 458, 515, 242, 28, 32.45%, 0, 0, 3, 54.89, 746665, 586
3748, 0, 458, 515, 242, 28, 32.45%, 0, 0, 3, 54.21, 746937, 586
3753, 0, 458, 515, 242, 28, 32.45%, 0, 0, 3, 54.81, 747209, 586
3759, 0, 458, 515, 242, 28, 32.45%, 0, 0, 3, 0.95, 747353, 586
3764, 0, 458, 515, 242, 28, 32.45%, 0, 0, 3, 9.28, 747458, 586
3769, 0, 458, 515, 242, 28, 32.45%, 0, 0, 3, 32.84, 747587, 586
3774, 0, 458, 515, 242, 28, 32.45%, 0, 0, 3, 49.82, 747860, 586
3779, 0, 458, 515, 242, 28, 32.45%, 0, 0, 3, 50.85, 748133, 586
3785, 0, 458, 515, 242, 28, 32.45%, 0, 0, 3, 53.02, 748411, 586
3790, 0, 458, 515, 242, 28, 32.45%, 0, 0, 3, 52.13, 748599, 586
3795, 0, 458, 515, 242, 28, 32.45%, 0, 0, 3, 49.16, 748820, 586
3800, 0, 458, 515, 242, 28, 32.45%, 0, 0, 3, 55.39, 749080, 586
3805, 0, 458, 515, 242, 28, 32.45%, 0, 0, 3, 55.30, 749363, 586
3810, 0, 458, 515, 242, 28, 32.45%, 0, 0, 3, 44.82, 749441, 586
3816, 0, 458, 515, 242, 28, 32.45%, 0, 0, 3, 1.07, 749527, 586
3821, 0, 458, 515, 242, 28, 32.45%, 0, 0, 3, 37.65, 749734, 586
3826, 0, 458, 515, 242, 28, 32.45%, 0, 0, 3, 53.75, 749995, 586
3831, 0, 458, 515, 242, 28, 32.45%, 0, 0, 3, 54.92, 750283, 586
3836, 0, 458, 515, 242, 28, 32.45%, 0, 0, 3, 55.97, 750568, 586
3841, 0, 458, 515, 242, 28, 32.45%, 0, 0, 3, 57.19, 750856, 586
3846, 0, 458, 515, 242, 28, 32.45%, 0, 0, 3, 56.07, 751046, 586
3851, 0, 458, 515, 242, 28, 32.45%, 0, 0, 3, 56.62, 751334, 586
3856, 0, 458, 515, 242, 28, 32.45%, 0, 0, 3, 50.28, 751520, 586
3862, 0, 458, 515, 242, 28, 32.45%, 0, 0, 3, 54.40, 751802, 586
3867, 0, 458, 515, 242, 28, 32.45%, 0, 0, 3, 53.62, 752046, 586
3872, 0, 458, 515, 242, 28, 32.45%, 0, 0, 3, 53.86, 752314, 586
3877, 0, 458, 515, 242, 28, 32.45%, 0, 0, 3, 50.12, 752543, 586
3882, 0, 458, 515, 242, 28, 32.45%, 0, 0, 3, 54.34, 752822, 586
3887, 0, 458, 515, 242, 28, 32.45%, 0, 0, 3, 56.89, 753123, 586
3892, 0, 458, 515, 242, 28, 32.45%, 0, 0, 3, 57.72, 753423, 586
3897, 0, 458, 515, 242, 28, 32.45%, 0, 0, 3, 54.17, 753697, 586
3903, 0, 458, 515, 242, 28, 32.45%, 0, 0, 3, 50.51, 753920, 586
3908, 0, 458, 515, 242, 28, 32.45%, 0, 0, 3, 8.03, 754118, 586
3913, 0, 458, 515, 242, 28, 32.45%, 0, 0, 3, 8.78, 754167, 586
3918, 0, 458, 515, 242, 28, 32.45%, 0, 0, 3, 55.32, 754358, 586
3923, 0, 458, 515, 242, 28, 32.45%, 0, 0, 3, 49.02, 754599, 586
3929, 0, 458, 515, 242, 28, 32.45%, 0, 0, 3, 52.00, 754865, 586
3934, 0, 458, 515, 242, 28, 32.45%, 0, 0, 3, 36.25, 755106, 586
3939, 0, 458, 515, 242, 28, 32.45%, 0, 0, 3, 50.18, 755366, 586
3944, 0, 458, 515, 242, 28, 32.45%, 0, 0, 3, 54.72, 755650, 586
3949, 0, 458, 515, 242, 28, 32.45%, 0, 0, 3, 54.76, 755896, 586
3954, 0, 458, 515, 242, 28, 32.45%, 0, 0, 3, 51.19, 756135, 586
3959, 0, 458, 515, 242, 28, 32.45%, 0, 0, 3, 51.42, 756396, 586
3964, 0, 458, 515, 242, 28, 32.45%, 0, 0, 3, 49.76, 756647, 586
3968, 0, 459, 515, 242, 28, 32.45%, 0, 0, 3, 29.14, 756806, 586
