# relative_time, cycles_done, cur_path, paths_total, pending_total, pending_favs, map_size, unique_crashes, unique_hangs, max_depth, execs_per_sec, total_execs, edges_found
61, 0, 188, 419, 224, 55, 29.01%, 0, 0, 3, 894.98, 43313, 524
66, 0, 188, 419, 224, 55, 29.01%, 0, 0, 3, 903.59, 47665, 524
71, 0, 375, 419, 223, 54, 29.01%, 0, 0, 3, 905.04, 52310, 524
76, 0, 375, 419, 223, 54, 29.01%, 0, 0, 3, 937.14, 57194, 524
81, 0, 375, 419, 223, 54, 29.01%, 0, 0, 3, 916.97, 61929, 524
86, 0, 413, 419, 222, 53, 29.01%, 0, 0, 3, 896.40, 66222, 524
92, 0, 413, 419, 222, 53, 29.01%, 0, 0, 3, 148.74, 69403, 524
98, 0, 413, 420, 223, 53, 29.01%, 0, 0, 3, 65.75, 70477, 524
103, 0, 413, 421, 224, 53, 29.24%, 0, 0, 3, 2.14, 70548, 528
108, 0, 413, 421, 224, 53, 29.24%, 0, 0, 3, 764.74, 72307, 528
113, 0, 413, 421, 224, 53, 29.24%, 0, 0, 3, 740.70, 75917, 528
119, 0, 413, 421, 224, 53, 29.24%, 0, 0, 3, 796.40, 80092, 528
124, 0, 413, 421, 224, 53, 29.24%, 0, 0, 3, 786.65, 84217, 528
129, 0, 413, 421, 224, 53, 29.24%, 0, 0, 3, 43.17, 86412, 528
134, 0, 413, 421, 224, 53, 29.24%, 0, 0, 3, 799.29, 90067, 528
139, 0, 413, 421, 224, 53, 29.24%, 0, 0, 3, 784.10, 93727, 528
144, 0, 413, 421, 224, 53, 29.24%, 0, 0, 3, 747.50, 95629, 528
149, 0, 407, 422, 224, 52, 29.24%, 0, 0, 3, 735.66, 99140, 528
155, 0, 407, 423, 225, 52, 29.24%, 0, 0, 3, 796.67, 103207, 528
160, 0, 407, 423, 225, 52, 29.24%, 0, 0, 3, 810.60, 107422, 528
165, 0, 407, 423, 225, 52, 29.24%, 0, 0, 3, 698.24, 110800, 528
170, 0, 407, 423, 225, 52, 29.24%, 0, 0, 3, 791.65, 114562, 528
176, 0, 407, 423, 225, 52, 29.24%, 0, 0, 3, 17.43, 115961, 528
181, 0, 407, 423, 225, 52, 29.24%, 0, 0, 3, 421.21, 117173, 528
186, 0, 407, 423, 225, 52, 29.24%, 0, 0, 3, 733.15, 121366, 528
191, 0, 407, 423, 225, 52, 29.24%, 0, 0, 3, 727.52, 125132, 528
196, 0, 407, 423, 225, 52, 29.24%, 0, 0, 3, 762.70, 129037, 528
201, 0, 370, 423, 224, 52, 29.24%, 0, 0, 3, 104.35, 132192, 528
206, 0, 370, 423, 224, 52, 29.24%, 0, 0, 3, 989.08, 137152, 528
212, 0, 381, 425, 225, 51, 29.24%, 0, 0, 3, 861.76, 141276, 528
217, 0, 381, 425, 225, 51, 29.24%, 0, 0, 3, 843.89, 145604, 528
222, 0, 420, 425, 224, 50, 29.24%, 0, 0, 3, 843.73, 149857, 528
227, 0, 420, 425, 224, 50, 29.24%, 0, 0, 3, 805.00, 153921, 528
232, 0, 420, 425, 224, 50, 29.24%, 0, 0, 3, 785.36, 157842, 528
237, 0, 420, 425, 224, 50, 29.24%, 0, 0, 3, 16.50, 159693, 528
242, 0, 420, 425, 224, 50, 29.24%, 0, 0, 3, 782.05, 162867, 528
247, 0, 420, 425, 224, 50, 29.24%, 0, 0, 3, 677.15, 165690, 528
252, 0, 420, 425, 224, 50, 29.24%, 0, 0, 3, 754.03, 169167, 528
257, 0, 420, 425, 224, 50, 29.24%, 0, 0, 3, 697.44, 172385, 528
262, 0, 420, 425, 224, 50, 29.24%, 0, 0, 3, 181.70, 175614, 528
268, 0, 420, 425, 224, 50, 29.24%, 0, 0, 3, 553.84, 178647, 528
273, 0, 386, 425, 223, 49, 29.24%, 0, 0, 3, 879.00, 182444, 528
278, 0, 386, 425, 223, 49, 29.24%, 0, 0, 3, 753.06, 186275, 528
283, 0, 372, 425, 222, 48, 29.24%, 0, 0, 3, 1096.82, 190225, 528
288, 0, 372, 425, 222, 48, 29.24%, 0, 0, 3, 1062.54, 195706, 528
293, 0, 197, 447, 243, 47, 30.62%, 0, 0, 3, 958.78, 200428, 553
298, 0, 197, 447, 243, 47, 30.62%, 0, 0, 3, 882.61, 204341, 553
303, 0, 371, 447, 242, 66, 30.62%, 0, 0, 3, 979.23, 208206, 553
308, 0, 371, 447, 242, 66, 30.62%, 0, 0, 3, 1097.15, 213988, 553
337, 0, 431, 447, 241, 65, 30.62%, 0, 0, 3, 6.02, 214158, 553
342, 0, 431, 447, 241, 65, 30.62%, 0, 0, 3, 836.70, 218517, 553
347, 0, 402, 447, 240, 64, 30.62%, 0, 0, 3, 835.82, 223101, 553
352, 0, 402, 447, 240, 64, 30.62%, 0, 0, 3, 832.05, 227247, 553
357, 0, 402, 447, 240, 64, 30.62%, 0, 0, 3, 829.99, 231551, 553
362, 0, 402, 447, 240, 64, 30.62%, 0, 0, 3, 808.64, 234959, 553
367, 0, 402, 447, 240, 64, 30.62%, 0, 0, 3, 800.92, 239007, 553
372, 0, 402, 447, 240, 64, 30.62%, 0, 0, 3, 807.44, 243103, 553
378, 0, 402, 447, 240, 64, 30.62%, 0, 0, 3, 798.96, 245547, 553
383, 0, 402, 447, 240, 64, 30.62%, 0, 0, 3, 820.29, 249727, 553
388, 0, 402, 447, 240, 64, 30.62%, 0, 0, 3, 780.51, 253662, 553
393, 0, 401, 447, 239, 63, 30.62%, 0, 0, 3, 806.98, 257916, 553
398, 0, 401, 447, 239, 63, 30.62%, 0, 0, 3, 795.46, 261993, 553
403, 0, 401, 447, 239, 63, 30.62%, 0, 0, 3, 780.75, 265908, 553
409, 0, 401, 447, 239, 63, 30.62%, 0, 0, 3, 10.27, 267302, 553
414, 0, 401, 447, 239, 63, 30.62%, 0, 0, 3, 631.83, 270132, 553
419, 0, 401, 448, 240, 63, 30.68%, 0, 0, 3, 774.90, 274241, 554
424, 0, 401, 448, 240, 63, 30.68%, 0, 0, 3, 738.54, 278006, 554
430, 0, 401, 448, 240, 63, 30.68%, 0, 0, 3, 796.25, 282041, 554
435, 0, 401, 448, 240, 63, 30.68%, 0, 0, 3, 769.50, 286016, 554
440, 0, 441, 448, 239, 63, 30.68%, 0, 0, 3, 867.28, 290259, 554
445, 0, 441, 448, 239, 63, 30.68%, 0, 0, 3, 1052.11, 295495, 554
450, 0, 398, 448, 238, 62, 30.68%, 0, 0, 3, 1118.13, 301231, 554
455, 0, 412, 448, 237, 61, 30.68%, 0, 0, 3, 949.13, 306034, 554
460, 0, 412, 448, 237, 61, 30.68%, 0, 0, 3, 826.02, 310057, 554
465, 0, 412, 448, 237, 61, 30.68%, 0, 0, 3, 767.71, 313892, 554
470, 0, 412, 448, 237, 61, 30.68%, 0, 0, 3, 789.32, 317912, 554
475, 0, 412, 448, 237, 61, 30.68%, 0, 0, 3, 809.45, 321993, 554
480, 0, 412, 448, 237, 61, 30.68%, 0, 0, 3, 818.04, 326137, 554
485, 0, 412, 448, 237, 61, 30.68%, 0, 0, 3, 792.90, 330047, 554
490, 0, 412, 448, 237, 61, 30.68%, 0, 0, 3, 813.23, 334137, 554
496, 0, 393, 448, 236, 60, 30.68%, 0, 0, 3, 878.46, 338602, 554
501, 0, 393, 448, 236, 60, 30.68%, 0, 0, 3, 954.85, 343666, 554
506, 0, 404, 448, 236, 60, 30.68%, 0, 0, 3, 813.71, 347846, 554
511, 0, 404, 448, 236, 60, 30.68%, 0, 0, 3, 813.08, 351702, 554
516, 0, 404, 448, 236, 60, 30.68%, 0, 0, 3, 793.49, 355735, 554
522, 0, 404, 448, 236, 60, 30.68%, 0, 0, 3, 2.21, 356891, 554
527, 0, 404, 448, 236, 60, 30.68%, 0, 0, 3, 748.38, 360004, 554
532, 0, 404, 448, 236, 60, 30.68%, 0, 0, 3, 601.66, 362909, 554
537, 0, 404, 448, 236, 60, 30.68%, 0, 0, 3, 68.38, 364928, 554
542, 0, 404, 448, 236, 60, 30.68%, 0, 0, 3, 731.92, 365310, 554
548, 0, 404, 448, 236, 60, 30.68%, 0, 0, 3, 756.27, 369100, 554
553, 0, 404, 448, 236, 60, 30.68%, 0, 0, 3, 795.58, 373060, 554
558, 0, 404, 448, 236, 60, 30.68%, 0, 0, 3, 812.72, 377190, 554
563, 0, 426, 448, 235, 59, 30.68%, 0, 0, 3, 965.63, 382161, 554
568, 0, 427, 448, 234, 58, 30.68%, 0, 0, 3, 1002.00, 386952, 554
573, 0, 427, 448, 234, 58, 30.68%, 0, 0, 3, 1008.80, 392132, 554
579, 0, 416, 448, 233, 57, 30.68%, 0, 0, 3, 27.36, 396579, 554
584, 0, 416, 448, 233, 57, 30.68%, 0, 0, 3, 752.03, 400679, 554
589, 0, 416, 448, 233, 57, 30.68%, 0, 0, 3, 780.70, 404217, 554
594, 0, 416, 448, 233, 57, 30.68%, 0, 0, 3, 819.01, 408441, 554
599, 0, 416, 448, 233, 57, 30.68%, 0, 0, 3, 754.87, 412257, 554
604, 0, 416, 448, 233, 57, 30.68%, 0, 0, 3, 793.05, 416187, 554
610, 0, 416, 448, 233, 57, 30.68%, 0, 0, 3, 811.88, 420189, 554
615, 0, 416, 448, 233, 57, 30.68%, 0, 0, 3, 796.03, 423972, 554
620, 0, 429, 449, 233, 57, 30.68%, 0, 0, 3, 842.26, 428140, 554
625, 0, 429, 449, 233, 57, 30.68%, 0, 0, 3, 860.27, 432220, 554
630, 0, 385, 449, 232, 56, 30.68%, 0, 0, 3, 941.63, 436183, 554
635, 0, 385, 449, 232, 56, 30.68%, 0, 0, 3, 915.69, 440845, 554
640, 0, 428, 449, 231, 55, 30.68%, 0, 0, 3, 890.89, 445085, 554
645, 0, 428, 449, 231, 55, 30.68%, 0, 0, 3, 1071.49, 450908, 554
650, 0, 383, 449, 230, 54, 30.68%, 0, 0, 3, 1029.54, 455164, 554
655, 0, 383, 449, 230, 54, 30.68%, 0, 0, 3, 1003.04, 460184, 554
660, 0, 409, 449, 229, 53, 30.68%, 0, 0, 3, 791.90, 464045, 554
665, 0, 409, 449, 229, 53, 30.68%, 0, 0, 3, 776.48, 468005, 554
671, 0, 409, 449, 229, 53, 30.68%, 0, 0, 3, 805.75, 472118, 554
676, 0, 409, 449, 229, 53, 30.68%, 0, 0, 3, 753.07, 473615, 554
681, 0, 409, 449, 229, 53, 30.68%, 0, 0, 3, 91.48, 475790, 554
686, 0, 409, 449, 229, 53, 30.68%, 0, 0, 3, 628.16, 478166, 554
691, 0, 409, 449, 229, 53, 30.68%, 0, 0, 3, 776.53, 482270, 554
696, 0, 409, 449, 229, 53, 30.68%, 0, 0, 3, 766.68, 485990, 554
701, 0, 409, 449, 229, 53, 30.68%, 0, 0, 3, 758.62, 489830, 554
706, 0, 440, 449, 228, 52, 30.68%, 0, 0, 3, 957.01, 493944, 554
711, 0, 440, 449, 228, 52, 30.68%, 0, 0, 3, 912.34, 498615, 554
716, 0, 415, 449, 227, 51, 30.68%, 0, 0, 3, 823.29, 502510, 554
722, 0, 415, 449, 227, 51, 30.68%, 0, 0, 3, 775.92, 506184, 554
727, 0, 415, 449, 227, 51, 30.68%, 0, 0, 3, 799.59, 510219, 554
732, 0, 415, 449, 227, 51, 30.68%, 0, 0, 3, 793.88, 514239, 554
739, 0, 415, 449, 227, 51, 30.68%, 0, 0, 3, 6.85, 516974, 554
744, 0, 415, 449, 227, 51, 30.68%, 0, 0, 3, 74.86, 517380, 554
749, 0, 415, 450, 228, 51, 30.68%, 0, 0, 3, 816.74, 520374, 554
754, 0, 415, 450, 228, 51, 30.68%, 0, 0, 3, 794.48, 524222, 554
759, 0, 415, 450, 228, 51, 30.68%, 0, 0, 3, 797.27, 528137, 554
764, 0, 415, 450, 228, 51, 30.68%, 0, 0, 3, 750.15, 530957, 554
769, 0, 415, 450, 228, 51, 30.68%, 0, 0, 3, 100.36, 531472, 554
774, 0, 415, 450, 228, 51, 30.68%, 0, 0, 3, 808.94, 532470, 554
779, 0, 436, 450, 227, 50, 30.68%, 0, 0, 3, 886.25, 536971, 554
784, 0, 436, 450, 227, 50, 30.68%, 0, 0, 3, 930.54, 541587, 554
789, 0, 149, 465, 241, 49, 31.51%, 0, 0, 3, 884.05, 545942, 569
794, 0, 149, 465, 241, 49, 31.51%, 0, 0, 3, 899.03, 550430, 569
800, 0, 437, 465, 240, 63, 31.51%, 0, 0, 3, 942.54, 555322, 569
805, 0, 439, 465, 239, 62, 31.51%, 0, 0, 3, 956.27, 560205, 569
810, 0, 439, 465, 239, 62, 31.51%, 0, 0, 3, 928.75, 564887, 569
815, 0, 444, 466, 239, 61, 31.51%, 0, 0, 3, 867.55, 569295, 569
820, 0, 444, 466, 239, 61, 31.51%, 0, 0, 3, 869.07, 573681, 569
825, 0, 458, 466, 238, 61, 31.51%, 0, 0, 3, 900.88, 577952, 569
830, 0, 458, 466, 238, 61, 31.51%, 0, 0, 3, 878.78, 582362, 569
835, 0, 400, 467, 238, 60, 31.56%, 0, 0, 4, 843.20, 586295, 570
840, 0, 400, 467, 238, 60, 31.56%, 0, 0, 4, 880.44, 590528, 570
845, 0, 466, 467, 237, 60, 31.56%, 0, 0, 4, 914.37, 595280, 570
850, 0, 466, 467, 237, 60, 31.56%, 0, 0, 4, 861.32, 599608, 570
855, 0, 394, 467, 236, 59, 31.56%, 0, 0, 4, 821.83, 603271, 570
860, 0, 394, 467, 236, 59, 31.56%, 0, 0, 4, 821.85, 607335, 570
866, 0, 405, 467, 235, 58, 31.56%, 0, 0, 4, 725.41, 610893, 570
871, 0, 405, 467, 235, 58, 31.56%, 0, 0, 4, 25.51, 613794, 570
876, 0, 405, 467, 235, 58, 31.56%, 0, 0, 4, 27.75, 613926, 570
881, 0, 405, 467, 235, 58, 31.56%, 0, 0, 4, 727.24, 615135, 570
886, 0, 405, 467, 235, 58, 31.56%, 0, 0, 4, 767.41, 619138, 570
891, 0, 405, 467, 235, 58, 31.56%, 0, 0, 4, 746.52, 622891, 570
896, 0, 405, 467, 235, 58, 31.56%, 0, 0, 4, 759.78, 626713, 570
901, 0, 405, 467, 235, 58, 31.56%, 0, 0, 4, 746.49, 630367, 570
907, 0, 405, 467, 235, 58, 31.56%, 0, 0, 4, 786.12, 633793, 570
912, 0, 405, 467, 235, 58, 31.56%, 0, 0, 4, 797.48, 637918, 570
917, 0, 405, 467, 235, 58, 31.56%, 0, 0, 4, 752.29, 640678, 570
922, 0, 448, 467, 234, 57, 31.56%, 0, 0, 4, 769.73, 644344, 570
927, 0, 448, 467, 234, 57, 31.56%, 0, 0, 4, 57.74, 645343, 570
932, 0, 448, 467, 234, 57, 31.56%, 0, 0, 4, 504.57, 645910, 570
938, 0, 448, 467, 234, 57, 31.56%, 0, 0, 4, 644.34, 649270, 570
943, 0, 448, 467, 234, 57, 31.56%, 0, 0, 4, 757.17, 653224, 570
948, 0, 448, 467, 234, 57, 31.56%, 0, 0, 4, 787.96, 657304, 570
953, 0, 448, 467, 234, 57, 31.56%, 0, 0, 4, 779.39, 661219, 570
958, 0, 448, 467, 234, 57, 31.56%, 0, 0, 4, 774.16, 665149, 570
963, 0, 448, 467, 234, 57, 31.56%, 0, 0, 4, 769.14, 669064, 570
969, 0, 448, 467, 234, 57, 31.56%, 0, 0, 4, 69.89, 670984, 570
974, 0, 448, 467, 234, 57, 31.56%, 0, 0, 4, 44.51, 671160, 570
979, 0, 448, 467, 234, 57, 31.56%, 0, 0, 4, 721.58, 672439, 570
984, 0, 382, 467, 233, 56, 31.56%, 0, 0, 4, 872.23, 676663, 570
989, 0, 382, 467, 233, 56, 31.56%, 0, 0, 4, 925.20, 680664, 570
995, 0, 392, 467, 232, 55, 31.56%, 0, 0, 4, 866.13, 685023, 570
1000, 0, 392, 467, 232, 55, 31.56%, 0, 0, 4, 955.72, 689653, 570
1005, 0, 140, 468, 232, 54, 31.56%, 0, 0, 4, 635.76, 692836, 570
1010, 0, 140, 468, 232, 54, 31.56%, 0, 0, 4, 885.29, 697721, 570
1015, 0, 376, 468, 231, 54, 31.56%, 0, 0, 4, 713.52, 701228, 570
1020, 0, 376, 468, 231, 54, 31.56%, 0, 0, 4, 662.80, 704493, 570
1025, 0, 464, 468, 230, 53, 31.56%, 0, 0, 4, 698.03, 707907, 570
1030, 0, 464, 468, 230, 53, 31.56%, 0, 0, 4, 870.90, 712409, 570
1035, 0, 461, 468, 229, 52, 31.56%, 0, 0, 4, 954.48, 717425, 570
1040, 0, 461, 468, 229, 52, 31.56%, 0, 0, 4, 956.13, 722213, 570
1046, 0, 170, 468, 228, 51, 31.56%, 0, 0, 4, 953.49, 727035, 570
1051, 0, 451, 468, 227, 50, 31.56%, 0, 0, 4, 934.05, 731526, 570
1056, 0, 451, 468, 227, 50, 31.56%, 0, 0, 4, 914.21, 736062, 570
1061, 0, 462, 468, 226, 49, 31.56%, 0, 0, 4, 924.26, 740685, 570
1066, 0, 462, 468, 226, 49, 31.56%, 0, 0, 4, 907.34, 744735, 570
1071, 0, 432, 468, 225, 48, 31.56%, 0, 0, 4, 910.00, 748360, 570
1076, 0, 432, 468, 225, 48, 31.56%, 0, 0, 4, 891.36, 751326, 570
1081, 0, 432, 468, 225, 48, 31.56%, 0, 0, 4, 797.52, 754508, 570
1086, 0, 373, 468, 224, 47, 31.56%, 0, 0, 4, 884.66, 759033, 570
1091, 0, 373, 468, 224, 47, 31.56%, 0, 0, 4, 967.73, 763930, 570
1096, 0, 443, 468, 223, 46, 31.56%, 0, 0, 4, 838.74, 767552, 570
1102, 0, 443, 468, 223, 46, 31.56%, 0, 0, 4, 857.51, 771445, 570
1107, 0, 406, 468, 222, 45, 31.56%, 0, 0, 4, 790.20, 775147, 570
1112, 0, 406, 468, 222, 45, 31.56%, 0, 0, 4, 47.51, 777043, 570
1117, 0, 406, 468, 222, 45, 31.56%, 0, 0, 4, 810.83, 779406, 570
1122, 0, 406, 468, 222, 45, 31.56%, 0, 0, 4, 801.80, 783438, 570
1127, 0, 406, 468, 222, 45, 31.56%, 0, 0, 4, 775.64, 787282, 570
1132, 0, 406, 468, 222, 45, 31.56%, 0, 0, 4, 809.47, 791422, 570
1137, 0, 406, 468, 222, 45, 31.56%, 0, 0, 4, 733.94, 794442, 570
1142, 0, 406, 468, 222, 45, 31.56%, 0, 0, 4, 725.94, 797634, 570
1148, 0, 406, 468, 222, 45, 31.56%, 0, 0, 4, 30.23, 799616, 570
1153, 0, 406, 468, 222, 45, 31.56%, 0, 0, 4, 73.30, 799745, 570
1158, 0, 406, 468, 222, 45, 31.56%, 0, 0, 4, 677.76, 802518, 570
1163, 0, 14, 468, 221, 44, 31.56%, 0, 0, 4, 805.57, 806673, 570
1168, 0, 14, 468, 221, 44, 31.56%, 0, 0, 4, 870.68, 811282, 570
1173, 0, 446, 468, 220, 43, 31.56%, 0, 0, 4, 911.71, 815911, 570
1178, 0, 446, 468, 220, 43, 31.56%, 0, 0, 4, 931.90, 820663, 570
1183, 0, 434, 468, 219, 42, 31.56%, 0, 0, 4, 911.22, 825245, 570
1188, 0, 467, 468, 218, 41, 31.56%, 0, 0, 4, 937.78, 829973, 570
1193, 0, 467, 469, 219, 41, 31.56%, 0, 0, 4, 855.40, 834247, 570
1199, 0, 438, 469, 218, 43, 31.56%, 0, 0, 4, 927.66, 839132, 570
1204, 0, 438, 469, 218, 43, 31.56%, 0, 0, 4, 141.67, 843478, 570
1209, 0, 383, 469, 217, 42, 31.56%, 0, 0, 4, 871.58, 847544, 570
1214, 0, 383, 469, 217, 42, 31.56%, 0, 0, 4, 950.27, 852436, 570
1219, 0, 459, 469, 217, 42, 31.56%, 0, 0, 4, 942.75, 857203, 570
1224, 0, 459, 469, 217, 42, 31.56%, 0, 0, 4, 940.65, 861937, 570
1231, 0, 379, 469, 216, 41, 31.56%, 0, 0, 4, 39.04, 864850, 570
1236, 0, 379, 469, 216, 41, 31.56%, 0, 0, 4, 918.39, 869163, 570
1242, 0, 455, 469, 215, 40, 31.56%, 0, 0, 4, 82.84, 873398, 570
1249, 0, 455, 469, 215, 40, 31.56%, 0, 0, 4, 0.63, 874516, 570
1254, 0, 455, 469, 215, 40, 31.56%, 0, 0, 4, 38.95, 877479, 570
1259, 0, 456, 469, 214, 39, 31.56%, 0, 0, 4, 619.39, 880249, 570
1264, 0, 456, 469, 214, 39, 31.56%, 0, 0, 4, 870.38, 885068, 570
1269, 0, 465, 470, 214, 38, 31.56%, 0, 0, 4, 926.11, 889842, 570
1274, 0, 465, 470, 214, 38, 31.56%, 0, 0, 4, 926.77, 894504, 570
1279, 0, 430, 470, 213, 37, 31.56%, 0, 0, 4, 935.78, 899251, 570
1284, 0, 463, 470, 212, 36, 31.56%, 0, 0, 4, 940.75, 904180, 570
1290, 0, 463, 470, 212, 36, 31.56%, 0, 0, 4, 954.82, 909155, 570
1295, 0, 403, 470, 211, 35, 31.56%, 0, 0, 4, 913.36, 913340, 570
1300, 0, 403, 470, 211, 35, 31.56%, 0, 0, 4, 780.45, 917084, 570
1305, 0, 403, 470, 211, 35, 31.56%, 0, 0, 4, 806.06, 920966, 570
1310, 0, 403, 470, 211, 35, 31.56%, 0, 0, 4, 795.59, 925049, 570
1315, 0, 403, 470, 211, 35, 31.56%, 0, 0, 4, 784.58, 929069, 570
1320, 0, 403, 470, 211, 35, 31.56%, 0, 0, 4, 810.33, 933158, 570
1325, 0, 403, 470, 211, 35, 31.56%, 0, 0, 4, 806.36, 937158, 570
1330, 0, 403, 470, 211, 35, 31.56%, 0, 0, 4, 817.12, 941302, 570
1336, 0, 403, 470, 211, 35, 31.56%, 0, 0, 4, 11.04, 942616, 570
1341, 0, 191, 470, 210, 34, 31.56%, 0, 0, 4, 739.91, 946271, 570
1346, 0, 191, 470, 210, 34, 31.56%, 0, 0, 4, 910.26, 949986, 570
1351, 0, 442, 470, 209, 33, 31.56%, 0, 0, 4, 917.38, 954484, 570
1356, 0, 442, 470, 209, 33, 31.56%, 0, 0, 4, 894.66, 958913, 570
1361, 0, 391, 470, 208, 32, 31.56%, 0, 0, 4, 944.54, 963883, 570
1366, 0, 391, 470, 208, 32, 31.56%, 0, 0, 4, 981.84, 968242, 570
1371, 0, 422, 473, 210, 31, 31.56%, 0, 0, 4, 890.17, 972688, 570
1377, 0, 422, 473, 210, 31, 31.56%, 0, 0, 4, 17.41, 976523, 570
1383, 0, 422, 473, 210, 31, 31.56%, 0, 0, 4, 87.48, 976631, 570
1388, 0, 422, 473, 210, 31, 31.56%, 0, 0, 4, 11.89, 976688, 570
1393, 0, 422, 473, 210, 31, 31.56%, 0, 0, 4, 716.10, 977983, 570
1398, 0, 422, 473, 210, 31, 31.56%, 0, 0, 4, 687.30, 981077, 570
1403, 0, 422, 473, 210, 31, 31.56%, 0, 0, 4, 724.31, 984661, 570
1408, 0, 422, 473, 210, 31, 31.56%, 0, 0, 4, 667.50, 987785, 570
1413, 0, 422, 473, 210, 31, 31.56%, 0, 0, 4, 777.96, 991886, 570
1418, 0, 422, 473, 210, 31, 31.56%, 0, 0, 4, 750.50, 995741, 570
1424, 0, 422, 473, 210, 31, 31.56%, 0, 0, 4, 8.20, 997392, 570
1429, 0, 422, 473, 210, 31, 31.56%, 0, 0, 4, 840.93, 999531, 570
1434, 0, 396, 473, 209, 31, 31.56%, 0, 0, 4, 909.97, 1004180, 570
1439, 0, 396, 473, 209, 31, 31.56%, 0, 0, 4, 953.72, 1009161, 570
1444, 0, 408, 473, 208, 30, 31.56%, 0, 0, 4, 327.42, 1012191, 570
1449, 0, 408, 473, 208, 30, 31.56%, 0, 0, 4, 780.99, 1015601, 570
1455, 0, 408, 473, 208, 30, 31.56%, 0, 0, 4, 24.79, 1018646, 570
1460, 0, 408, 473, 208, 30, 31.56%, 0, 0, 4, 12.21, 1018704, 570
1466, 0, 408, 473, 208, 30, 31.56%, 0, 0, 4, 34.43, 1018817, 570
1471, 0, 408, 473, 208, 30, 31.56%, 0, 0, 4, 645.82, 1019945, 570
1476, 0, 408, 473, 208, 30, 31.56%, 0, 0, 4, 826.22, 1023741, 570
1481, 0, 408, 473, 208, 30, 31.56%, 0, 0, 4, 796.61, 1027451, 570
1486, 0, 408, 473, 208, 30, 31.56%, 0, 0, 4, 64.29, 1029710, 570
1491, 0, 408, 473, 208, 30, 31.56%, 0, 0, 4, 472.18, 1030445, 570
1496, 0, 408, 473, 208, 30, 31.56%, 0, 0, 4, 655.40, 1033805, 570
1501, 0, 408, 473, 208, 30, 31.56%, 0, 0, 4, 760.32, 1037771, 570
1506, 0, 408, 473, 208, 30, 31.56%, 0, 0, 4, 792.43, 1041851, 570
1511, 0, 389, 473, 207, 29, 31.56%, 0, 0, 4, 891.06, 1046321, 570
1516, 0, 389, 473, 207, 29, 31.56%, 0, 0, 4, 951.28, 1051297, 570
1521, 0, 464, 473, 206, 28, 31.56%, 0, 0, 4, 945.54, 1056015, 570
1527, 0, 380, 473, 206, 28, 31.56%, 0, 0, 4, 100.99, 1059907, 570
1532, 0, 380, 473, 206, 28, 31.56%, 0, 0, 4, 959.01, 1064778, 570
1537, 0, 445, 473, 205, 27, 31.56%, 0, 0, 4, 876.63, 1069482, 570
1542, 0, 445, 473, 205, 27, 31.56%, 0, 0, 4, 923.71, 1074252, 570
1547, 0, 453, 473, 204, 26, 31.56%, 0, 0, 4, 899.30, 1078731, 570
1552, 0, 453, 473, 204, 26, 31.56%, 0, 0, 4, 882.96, 1082810, 570
1557, 0, 470, 473, 203, 25, 31.56%, 0, 0, 4, 809.36, 1086691, 570
1562, 0, 470, 473, 203, 25, 31.56%, 0, 0, 4, 810.62, 1090835, 570
1567, 0, 470, 473, 203, 25, 31.56%, 0, 0, 4, 793.47, 1094776, 570
1573, 0, 470, 473, 203, 25, 31.56%, 0, 0, 4, 781.29, 1098451, 570
1578, 0, 470, 473, 203, 25, 31.56%, 0, 0, 4, 2.87, 1100749, 570
1584, 0, 470, 473, 203, 25, 31.56%, 0, 0, 4, 2.96, 1100794, 570
1589, 0, 470, 473, 203, 25, 31.56%, 0, 0, 4, 25.94, 1100891, 570
1594, 0, 470, 473, 203, 25, 31.56%, 0, 0, 4, 1.48, 1101025, 570
1599, 0, 470, 473, 203, 25, 31.56%, 0, 0, 4, 8.15, 1101239, 570
1605, 0, 470, 473, 203, 25, 31.56%, 0, 0, 4, 3.35, 1101935, 570
1610, 0, 470, 473, 203, 25, 31.56%, 0, 0, 4, 819.37, 1105299, 570
1615, 0, 470, 473, 203, 25, 31.56%, 0, 0, 4, 813.65, 1109427, 570
1620, 0, 470, 473, 203, 25, 31.56%, 0, 0, 4, 828.28, 1113779, 570
1625, 0, 435, 473, 202, 24, 31.56%, 0, 0, 4, 881.02, 1118316, 570
1630, 0, 435, 473, 202, 24, 31.56%, 0, 0, 4, 966.24, 1123277, 570
1636, 0, 457, 473, 201, 23, 31.56%, 0, 0, 4, 997.53, 1128518, 570
1641, 0, 457, 473, 201, 23, 31.56%, 0, 0, 4, 984.56, 1133458, 570
1646, 0, 410, 473, 200, 22, 31.56%, 0, 0, 4, 872.67, 1137721, 570
1651, 0, 410, 473, 200, 22, 31.56%, 0, 0, 4, 834.64, 1141505, 570
1656, 0, 410, 473, 200, 22, 31.56%, 0, 0, 4, 69.87, 1145505, 570
1661, 0, 410, 473, 200, 22, 31.56%, 0, 0, 4, 770.53, 1149047, 570
1666, 0, 410, 473, 200, 22, 31.56%, 0, 0, 4, 803.07, 1153281, 570
1671, 0, 410, 473, 200, 22, 31.56%, 0, 0, 4, 805.66, 1157393, 570
1676, 0, 410, 473, 200, 22, 31.56%, 0, 0, 4, 809.45, 1161473, 570
1681, 0, 410, 473, 200, 22, 31.56%, 0, 0, 4, 815.34, 1165649, 570
1687, 0, 458, 473, 199, 21, 31.56%, 0, 0, 4, 217.82, 1166941, 570
1692, 0, 458, 473, 199, 21, 31.56%, 0, 0, 4, 745.00, 1168678, 570
1697, 0, 458, 473, 199, 21, 31.56%, 0, 0, 4, 196.60, 1169974, 570
1702, 0, 458, 473, 199, 21, 31.56%, 0, 0, 4, 35.16, 1171041, 570
1709, 0, 458, 473, 199, 21, 31.56%, 0, 0, 4, 36.50, 1171320, 570
1714, 0, 458, 473, 199, 21, 31.56%, 0, 0, 4, 36.53, 1171402, 570
1719, 0, 458, 473, 199, 21, 31.56%, 0, 0, 4, 43.91, 1171605, 570
1724, 0, 458, 473, 199, 21, 31.56%, 0, 0, 4, 676.32, 1174020, 570
1730, 0, 414, 473, 199, 21, 31.56%, 0, 0, 4, 792.48, 1178216, 570
1735, 0, 414, 473, 199, 21, 31.56%, 0, 0, 4, 746.06, 1181657, 570
1740, 0, 414, 473, 199, 21, 31.56%, 0, 0, 4, 723.68, 1185101, 570
1748, 0, 414, 473, 199, 21, 31.56%, 0, 0, 4, 3.66, 1188307, 570
1753, 0, 414, 473, 199, 21, 31.56%, 0, 0, 4, 8.53, 1191091, 570
1759, 0, 414, 473, 199, 21, 31.56%, 0, 0, 4, 2.56, 1191270, 570
1764, 0, 414, 473, 199, 21, 31.56%, 0, 0, 4, 825.29, 1194267, 570
1769, 0, 414, 473, 199, 21, 31.56%, 0, 0, 4, 833.92, 1198459, 570
1774, 0, 414, 473, 199, 21, 31.56%, 0, 0, 4, 837.82, 1202667, 570
1779, 0, 414, 473, 199, 21, 31.56%, 0, 0, 4, 840.51, 1207067, 570
1784, 0, 263, 473, 198, 20, 31.56%, 0, 0, 4, 871.32, 1211515, 570
1790, 0, 377, 473, 197, 19, 31.56%, 0, 0, 4, 107.30, 1215859, 570
1795, 0, 377, 473, 197, 19, 31.56%, 0, 0, 4, 703.83, 1219275, 570
1800, 0, 377, 473, 197, 19, 31.56%, 0, 0, 4, 692.94, 1222788, 570
1805, 0, 433, 473, 196, 18, 31.56%, 0, 0, 4, 50.87, 1224923, 570
1811, 0, 433, 473, 196, 18, 31.56%, 0, 0, 4, 915.36, 1229103, 570
1816, 0, 454, 473, 195, 17, 31.56%, 0, 0, 4, 1099.22, 1233654, 570
1821, 0, 454, 473, 195, 17, 31.56%, 0, 0, 4, 1011.39, 1238808, 570
1826, 0, 368, 473, 194, 16, 31.56%, 0, 0, 4, 794.81, 1242872, 570
1831, 0, 368, 473, 194, 16, 31.56%, 0, 0, 4, 699.14, 1246270, 570
1836, 0, 461, 473, 193, 15, 31.56%, 0, 0, 4, 818.13, 1250390, 570
1841, 0, 461, 473, 193, 15, 31.56%, 0, 0, 4, 934.72, 1255444, 570
1847, 0, 460, 473, 193, 15, 31.56%, 0, 0, 4, 977.13, 1260395, 570
1852, 0, 383, 473, 192, 14, 31.56%, 0, 0, 4, 963.13, 1265281, 570
1857, 0, 383, 473, 192, 14, 31.56%, 0, 0, 4, 982.50, 1270297, 570
1862, 0, 452, 473, 192, 14, 31.56%, 0, 0, 4, 985.79, 1274949, 570
1867, 0, 452, 473, 192, 14, 31.56%, 0, 0, 4, 969.95, 1279851, 570
1872, 0, 480, 488, 206, 17, 32.06%, 0, 0, 4, 1003.80, 1282790, 579
1877, 0, 480, 488, 206, 17, 32.06%, 0, 0, 4, 1003.96, 1287570, 579
1882, 0, 485, 488, 205, 16, 32.06%, 0, 0, 4, 1001.70, 1291283, 579
1887, 0, 485, 488, 205, 16, 32.06%, 0, 0, 4, 939.47, 1295579, 579
1893, 0, 411, 488, 204, 15, 32.06%, 0, 0, 4, 31.08, 1298174, 579
1898, 0, 411, 488, 204, 15, 32.06%, 0, 0, 4, 820.61, 1301173, 579
1903, 0, 411, 488, 204, 15, 32.06%, 0, 0, 4, 836.34, 1304821, 579
1908, 0, 411, 488, 204, 15, 32.06%, 0, 0, 4, 25.89, 1305634, 579
1913, 0, 411, 488, 204, 15, 32.06%, 0, 0, 4, 703.09, 1309643, 579
1919, 0, 411, 488, 204, 15, 32.06%, 0, 0, 4, 809.90, 1313909, 579
1924, 0, 411, 488, 204, 15, 32.06%, 0, 0, 4, 810.19, 1318053, 579
1929, 0, 411, 488, 204, 15, 32.06%, 0, 0, 4, 822.85, 1321893, 579
1934, 0, 411, 488, 204, 15, 32.06%, 0, 0, 4, 778.34, 1325574, 579
1939, 0, 411, 488, 204, 15, 32.06%, 0, 0, 4, 607.14, 1327977, 579
1944, 0, 411, 488, 204, 15, 32.06%, 0, 0, 4, 110.17, 1330859, 579
1950, 0, 450, 488, 203, 14, 32.06%, 0, 0, 4, 160.85, 1332984, 579
1955, 0, 450, 488, 203, 14, 32.06%, 0, 0, 4, 6.42, 1333682, 579
1960, 0, 450, 488, 203, 14, 32.06%, 0, 0, 4, 794.88, 1335410, 579
1965, 0, 450, 488, 203, 14, 32.06%, 0, 0, 4, 115.95, 1337490, 579
1970, 0, 418, 489, 203, 13, 32.06%, 0, 0, 4, 12.82, 1340596, 579
1975, 0, 418, 489, 203, 13, 32.06%, 0, 0, 4, 725.01, 1342891, 579
1981, 0, 418, 489, 203, 13, 32.06%, 0, 0, 4, 558.18, 1345262, 579
1986, 0, 418, 489, 203, 13, 32.06%, 0, 0, 4, 636.06, 1348487, 579
1991, 0, 418, 489, 203, 13, 32.06%, 0, 0, 4, 629.33, 1351755, 579
1996, 0, 418, 489, 203, 13, 32.06%, 0, 0, 4, 55.80, 1353488, 579
2001, 0, 418, 489, 203, 13, 32.06%, 0, 0, 4, 44.87, 1354271, 579
2006, 0, 418, 489, 203, 13, 32.06%, 0, 0, 4, 499.24, 1355193, 579
2011, 0, 418, 489, 203, 13, 32.06%, 0, 0, 4, 51.11, 1356109, 579
2017, 0, 418, 489, 203, 13, 32.06%, 0, 0, 4, 56.40, 1357044, 579
2022, 0, 418, 489, 203, 13, 32.06%, 0, 0, 4, 22.73, 1357341, 579
2027, 0, 418, 489, 203, 13, 32.06%, 0, 0, 4, 12.75, 1357605, 579
2032, 0, 418, 489, 203, 13, 32.06%, 0, 0, 4, 9.35, 1357927, 579
2037, 0, 418, 489, 203, 13, 32.06%, 0, 0, 4, 748.48, 1359621, 579
2043, 0, 418, 489, 203, 13, 32.06%, 0, 0, 4, 758.04, 1363493, 579
2048, 0, 418, 489, 203, 13, 32.06%, 0, 0, 4, 765.15, 1365248, 579
2053, 0, 418, 489, 203, 13, 32.06%, 0, 0, 4, 795.30, 1369388, 579
2058, 0, 383, 489, 202, 13, 32.06%, 0, 0, 4, 898.34, 1373861, 579
2063, 0, 383, 489, 202, 13, 32.06%, 0, 0, 4, 900.00, 1377852, 579
2069, 0, 383, 489, 202, 13, 32.06%, 0, 0, 4, 104.34, 1378899, 579
2074, 0, 383, 489, 202, 13, 32.06%, 0, 0, 4, 820.00, 1379755, 579
2079, 0, 481, 489, 202, 13, 32.06%, 0, 0, 4, 33.77, 1380645, 579
2084, 0, 481, 489, 202, 13, 32.06%, 0, 0, 4, 12.28, 1380734, 579
2089, 0, 481, 489, 202, 13, 32.06%, 0, 0, 4, 60.65, 1380882, 579
2096, 0, 481, 489, 202, 13, 32.06%, 0, 0, 4, 12.05, 1381093, 579
2101, 0, 481, 489, 202, 13, 32.06%, 0, 0, 4, 53.15, 1381194, 579
2106, 0, 481, 489, 202, 13, 32.06%, 0, 0, 4, 769.50, 1385154, 579
2111, 0, 481, 489, 202, 13, 32.06%, 0, 0, 4, 808.17, 1389274, 579
2116, 0, 481, 489, 202, 13, 32.06%, 0, 0, 4, 88.61, 1392519, 579
2121, 0, 481, 489, 202, 13, 32.06%, 0, 0, 4, 798.08, 1396464, 579
2127, 0, 481, 489, 202, 13, 32.06%, 0, 0, 4, 825.05, 1400122, 579
2132, 0, 481, 489, 202, 13, 32.06%, 0, 0, 4, 1.34, 1402100, 579
2137, 0, 481, 489, 202, 13, 32.06%, 0, 0, 4, 77.06, 1402247, 579
2142, 0, 481, 489, 202, 13, 32.06%, 0, 0, 4, 813.83, 1403514, 579
2147, 0, 481, 489, 202, 13, 32.06%, 0, 0, 4, 803.25, 1407434, 579
2152, 0, 481, 489, 202, 13, 32.06%, 0, 0, 4, 24.29, 1410516, 579
2158, 0, 481, 489, 202, 13, 32.06%, 0, 0, 4, 772.97, 1411884, 579
2163, 0, 386, 489, 201, 12, 32.06%, 0, 0, 4, 972.73, 1416935, 579
2168, 0, 399, 489, 201, 12, 32.06%, 0, 0, 4, 1117.70, 1423020, 579
2173, 0, 399, 489, 201, 12, 32.06%, 0, 0, 4, 969.75, 1427730, 579
2178, 0, 488, 490, 202, 12, 32.06%, 0, 0, 4, 828.75, 1431973, 579
2183, 0, 488, 490, 202, 12, 32.06%, 0, 0, 4, 783.28, 1435998, 579
2189, 0, 488, 490, 202, 12, 32.06%, 0, 0, 4, 838.85, 1439829, 579
2194, 0, 488, 490, 202, 12, 32.06%, 0, 0, 4, 69.98, 1443033, 579
2199, 0, 488, 490, 202, 12, 32.06%, 0, 0, 4, 6.93, 1443196, 579
2204, 0, 488, 490, 202, 12, 32.06%, 0, 0, 4, 6.14, 1443304, 579
2209, 0, 488, 490, 202, 12, 32.06%, 0, 0, 4, 137.17, 1443412, 579
2214, 0, 488, 490, 202, 12, 32.06%, 0, 0, 4, 811.48, 1447349, 579
2219, 0, 488, 490, 202, 12, 32.06%, 0, 0, 4, 733.15, 1450973, 579
2225, 0, 488, 490, 202, 12, 32.06%, 0, 0, 4, 720.46, 1454543, 579
2230, 0, 488, 490, 202, 12, 32.06%, 0, 0, 4, 9.18, 1455569, 579
2235, 0, 488, 490, 202, 12, 32.06%, 0, 0, 4, 70.53, 1455778, 579
2240, 0, 488, 490, 202, 12, 32.06%, 0, 0, 4, 660.30, 1458663, 579
2245, 0, 488, 490, 202, 12, 32.06%, 0, 0, 4, 637.83, 1461933, 579
2250, 0, 479, 491, 202, 11, 32.06%, 0, 0, 4, 771.49, 1465935, 579
2255, 0, 479, 491, 202, 11, 32.06%, 0, 0, 4, 803.17, 1469942, 579
2260, 0, 366, 491, 201, 10, 32.06%, 0, 0, 4, 674.39, 1473168, 579
2265, 0, 366, 491, 201, 10, 32.06%, 0, 0, 4, 576.35, 1475964, 579
2271, 0, 366, 491, 201, 10, 32.06%, 0, 0, 4, 400.22, 1477730, 579
2276, 0, 384, 491, 200, 9, 32.06%, 0, 0, 4, 327.62, 1479136, 579
2281, 0, 384, 491, 200, 9, 32.06%, 0, 0, 4, 292.51, 1480450, 579
2286, 0, 384, 491, 200, 9, 32.06%, 0, 0, 4, 395.61, 1481850, 579
2291, 0, 384, 491, 200, 9, 32.06%, 0, 0, 4, 236.34, 1482550, 579
2296, 0, 384, 491, 200, 9, 32.06%, 0, 0, 4, 6.02, 1482892, 579
2301, 0, 384, 491, 200, 9, 32.06%, 0, 0, 4, 341.70, 1484297, 579
2306, 0, 384, 491, 200, 9, 32.06%, 0, 0, 4, 371.18, 1485755, 579
2311, 0, 482, 492, 200, 8, 32.12%, 0, 0, 4, 655.13, 1488602, 580
2316, 0, 482, 492, 200, 8, 32.12%, 0, 0, 4, 827.78, 1492926, 580
2322, 0, 482, 492, 200, 8, 32.12%, 0, 0, 4, 532.33, 1493460, 580
2327, 0, 482, 492, 200, 8, 32.12%, 0, 0, 4, 127.60, 1497074, 580
2333, 0, 482, 492, 200, 8, 32.12%, 0, 0, 4, 697.01, 1498600, 580
2338, 0, 482, 492, 200, 8, 32.12%, 0, 0, 4, 812.54, 1502558, 580
2343, 0, 482, 492, 200, 8, 32.12%, 0, 0, 4, 736.77, 1505992, 580
2348, 0, 482, 492, 200, 8, 32.12%, 0, 0, 4, 759.36, 1509860, 580
2353, 0, 383, 492, 199, 8, 32.12%, 0, 0, 4, 771.87, 1513601, 580
2358, 0, 383, 492, 199, 8, 32.12%, 0, 0, 4, 742.24, 1517366, 580
2363, 0, 383, 492, 199, 8, 32.12%, 0, 0, 4, 802.17, 1521371, 580
2368, 0, 383, 492, 199, 8, 32.12%, 0, 0, 4, 61.63, 1524418, 580
2373, 0, 383, 492, 199, 8, 32.12%, 0, 0, 4, 544.82, 1526633, 580
2379, 0, 383, 492, 199, 8, 32.12%, 0, 0, 4, 665.38, 1528438, 580
2384, 0, 383, 492, 199, 8, 32.12%, 0, 0, 4, 563.64, 1530417, 580
2389, 0, 383, 492, 199, 8, 32.12%, 0, 0, 4, 39.82, 1532159, 580
2394, 0, 383, 492, 199, 8, 32.12%, 0, 0, 4, 178.79, 1532645, 580
2399, 0, 383, 492, 199, 8, 32.12%, 0, 0, 4, 109.12, 1533118, 580
2405, 0, 383, 492, 199, 8, 32.12%, 0, 0, 4, 6.04, 1533466, 580
2410, 0, 491, 492, 199, 8, 32.12%, 0, 0, 4, 954.85, 1536491, 580
2415, 0, 491, 492, 199, 8, 32.12%, 0, 0, 4, 918.36, 1541149, 580
2420, 0, 491, 492, 199, 8, 32.12%, 0, 0, 4, 928.11, 1545865, 580
2427, 0, 491, 492, 199, 8, 32.12%, 0, 0, 4, 5.87, 1548891, 580
2433, 0, 491, 492, 199, 8, 32.12%, 0, 0, 4, 4.39, 1548993, 580
2438, 0, 491, 492, 199, 8, 32.12%, 0, 0, 4, 313.37, 1549753, 580
2443, 0, 491, 492, 199, 8, 32.12%, 0, 0, 4, 765.52, 1554268, 580
2448, 0, 491, 492, 199, 8, 32.12%, 0, 0, 4, 915.28, 1558735, 580
2453, 0, 491, 493, 200, 8, 32.12%, 0, 0, 4, 211.30, 1562103, 580
2458, 0, 491, 493, 200, 8, 32.12%, 0, 0, 4, 537.09, 1565171, 580
2463, 0, 491, 493, 200, 8, 32.12%, 0, 0, 4, 640.89, 1568553, 580
2469, 0, 484, 493, 199, 8, 32.12%, 0, 0, 4, 628.85, 1570567, 580
2474, 0, 484, 493, 199, 8, 32.12%, 0, 0, 4, 92.68, 1571601, 580
2479, 0, 484, 493, 199, 8, 32.12%, 0, 0, 4, 234.13, 1572035, 580
2485, 0, 484, 493, 199, 8, 32.12%, 0, 0, 4, 46.84, 1572588, 580
2490, 0, 484, 493, 199, 8, 32.12%, 0, 0, 4, 103.51, 1572879, 580
2495, 0, 484, 493, 199, 8, 32.12%, 0, 0, 4, 36.55, 1573003, 580
2500, 0, 484, 493, 199, 8, 32.12%, 0, 0, 4, 137.00, 1573161, 580
2506, 0, 484, 493, 199, 8, 32.12%, 0, 0, 4, 95.54, 1573537, 580
2511, 0, 404, 493, 198, 7, 32.12%, 0, 0, 4, 800.13, 1577623, 580
2516, 0, 404, 493, 198, 7, 32.12%, 0, 0, 4, 742.16, 1580665, 580
2521, 0, 404, 493, 198, 7, 32.12%, 0, 0, 4, 725.79, 1584179, 580
2527, 0, 404, 493, 198, 7, 32.12%, 0, 0, 4, 2.58, 1584994, 580
2532, 0, 404, 493, 198, 7, 32.12%, 0, 0, 4, 27.36, 1585093, 580
2537, 0, 404, 493, 198, 7, 32.12%, 0, 0, 4, 64.10, 1585201, 580
2542, 0, 404, 493, 198, 7, 32.12%, 0, 0, 4, 738.64, 1588421, 580
2547, 0, 404, 493, 198, 7, 32.12%, 0, 0, 4, 747.62, 1592005, 580
2552, 0, 404, 493, 198, 7, 32.12%, 0, 0, 4, 61.67, 1595603, 580
2557, 0, 404, 493, 198, 7, 32.12%, 0, 0, 4, 23.78, 1595678, 580
2563, 0, 404, 493, 198, 7, 32.12%, 0, 0, 4, 5.90, 1595785, 580
2568, 0, 404, 493, 198, 7, 32.12%, 0, 0, 4, 45.14, 1596013, 580
2573, 0, 404, 493, 198, 7, 32.12%, 0, 0, 4, 7.30, 1596174, 580
2578, 0, 404, 493, 198, 7, 32.12%, 0, 0, 4, 714.77, 1599775, 580
2583, 0, 404, 493, 198, 7, 32.12%, 0, 0, 4, 817.08, 1603767, 580
2588, 0, 404, 493, 198, 7, 32.12%, 0, 0, 4, 812.84, 1607959, 580
2593, 0, 447, 493, 198, 7, 32.12%, 0, 0, 4, 815.30, 1612081, 580
2598, 0, 447, 493, 198, 7, 32.12%, 0, 0, 4, 803.59, 1616097, 580
2604, 0, 447, 493, 198, 7, 32.12%, 0, 0, 4, 9.22, 1616278, 580
2609, 0, 447, 493, 198, 7, 32.12%, 0, 0, 4, 823.07, 1618497, 580
2614, 0, 447, 493, 198, 7, 32.12%, 0, 0, 4, 800.83, 1622417, 580
2619, 0, 447, 493, 198, 7, 32.12%, 0, 0, 4, 823.80, 1626609, 580
2624, 0, 447, 493, 198, 7, 32.12%, 0, 0, 4, 804.92, 1630593, 580
2629, 0, 447, 493, 198, 7, 32.12%, 0, 0, 4, 758.50, 1634282, 580
2634, 0, 447, 493, 198, 7, 32.12%, 0, 0, 4, 773.56, 1638122, 580
2639, 0, 447, 493, 198, 7, 32.12%, 0, 0, 4, 782.13, 1642067, 580
2644, 0, 492, 493, 197, 6, 32.12%, 0, 0, 4, 865.04, 1646592, 580
2649, 0, 492, 493, 197, 6, 32.12%, 0, 0, 4, 910.24, 1651374, 580
2655, 0, 492, 493, 197, 6, 32.12%, 0, 0, 4, 918.28, 1656090, 580
2660, 0, 492, 493, 197, 6, 32.12%, 0, 0, 4, 591.22, 1659700, 580
2665, 0, 492, 493, 197, 6, 32.12%, 0, 0, 4, 775.71, 1663866, 580
2670, 0, 492, 493, 197, 6, 32.12%, 0, 0, 4, 889.35, 1668250, 580
2675, 0, 492, 493, 197, 6, 32.12%, 0, 0, 4, 865.28, 1672619, 580
2680, 0, 438, 493, 196, 5, 32.12%, 0, 0, 4, 937.76, 1677320, 580
2685, 0, 438, 493, 196, 5, 32.12%, 0, 0, 4, 153.23, 1681697, 580
2690, 0, 469, 493, 196, 5, 32.12%, 0, 0, 4, 972.03, 1686404, 580
2695, 0, 457, 495, 197, 5, 32.12%, 0, 0, 5, 1137.16, 1692313, 580
2701, 0, 457, 495, 197, 5, 32.12%, 0, 0, 5, 1000.79, 1697335, 580
2706, 0, 463, 495, 197, 5, 32.12%, 0, 0, 5, 1002.39, 1702527, 580
2711, 0, 463, 495, 197, 5, 32.12%, 0, 0, 5, 983.71, 1707478, 580
2716, 0, 383, 495, 197, 5, 32.12%, 0, 0, 5, 1023.19, 1712619, 580
2721, 0, 393, 495, 197, 5, 32.12%, 0, 0, 5, 1010.95, 1717811, 580
2726, 0, 393, 495, 197, 5, 32.12%, 0, 0, 5, 986.06, 1722741, 580
2732, 0, 433, 495, 197, 5, 32.12%, 0, 0, 5, 127.07, 1726999, 580
2737, 0, 433, 495, 197, 5, 32.12%, 0, 0, 5, 36.04, 1727763, 580
2742, 0, 433, 495, 197, 5, 32.12%, 0, 0, 5, 831.32, 1730391, 580
2747, 0, 494, 495, 197, 5, 32.12%, 0, 0, 5, 935.01, 1735242, 580
2752, 0, 494, 495, 197, 5, 32.12%, 0, 0, 5, 932.77, 1739922, 580
2758, 0, 383, 495, 196, 4, 32.12%, 0, 0, 5, 882.78, 1744186, 580
2763, 0, 383, 495, 196, 4, 32.12%, 0, 0, 5, 1023.75, 1748738, 580
2768, 0, 383, 495, 196, 4, 32.12%, 0, 0, 5, 1001.19, 1753570, 580
2773, 0, 393, 495, 196, 4, 32.12%, 0, 0, 5, 1051.01, 1758742, 580
2778, 0, 393, 495, 196, 4, 32.12%, 0, 0, 5, 1096.91, 1764526, 580
2783, 0, 393, 495, 196, 4, 32.12%, 0, 0, 5, 996.54, 1769434, 580
2788, 0, 383, 495, 196, 4, 32.12%, 0, 0, 5, 1019.93, 1774626, 580
2793, 0, 383, 495, 196, 4, 32.12%, 0, 0, 5, 1023.71, 1779826, 580
2798, 0, 373, 495, 196, 4, 32.12%, 0, 0, 5, 1026.51, 1785038, 580
2803, 0, 430, 495, 196, 4, 32.12%, 0, 0, 5, 1042.86, 1790310, 580
2809, 0, 430, 495, 196, 4, 32.12%, 0, 0, 5, 156.86, 1795350, 580
2814, 0, 434, 495, 196, 4, 32.12%, 0, 0, 5, 972.42, 1800150, 580
2819, 0, 434, 495, 196, 4, 32.12%, 0, 0, 5, 986.97, 1805318, 580
2824, 0, 386, 495, 196, 4, 32.12%, 0, 0, 5, 947.93, 1809900, 580
2829, 0, 386, 495, 196, 4, 32.12%, 0, 0, 5, 973.40, 1814650, 580
2834, 0, 464, 495, 196, 4, 32.12%, 0, 0, 5, 893.16, 1819104, 580
2839, 0, 480, 495, 196, 4, 32.12%, 0, 0, 5, 963.14, 1824099, 580
2844, 0, 480, 495, 196, 4, 32.12%, 0, 0, 5, 795.21, 1828048, 580
2849, 0, 383, 495, 196, 4, 32.12%, 0, 0, 5, 936.97, 1832898, 580
2855, 0, 383, 495, 196, 4, 32.12%, 0, 0, 5, 765.72, 1836795, 580
2860, 0, 383, 495, 196, 4, 32.12%, 0, 0, 5, 736.84, 1839234, 580
2865, 0, 381, 495, 196, 4, 32.12%, 0, 0, 5, 123.40, 1841258, 580
2870, 0, 381, 495, 196, 4, 32.12%, 0, 0, 5, 190.97, 1842218, 580
2875, 0, 381, 495, 196, 4, 32.12%, 0, 0, 5, 93.56, 1844231, 580
2881, 0, 381, 495, 196, 4, 32.12%, 0, 0, 5, 86.23, 1845007, 580
2886, 0, 381, 495, 196, 4, 32.12%, 0, 0, 5, 91.18, 1845227, 580
2891, 0, 381, 495, 196, 4, 32.12%, 0, 0, 5, 15.05, 1845573, 580
2896, 0, 371, 495, 196, 4, 32.12%, 0, 0, 5, 853.55, 1848450, 580
2901, 0, 371, 495, 196, 4, 32.12%, 0, 0, 5, 996.82, 1853577, 580
2906, 0, 379, 495, 196, 4, 32.12%, 0, 0, 5, 1049.30, 1859086, 580
2911, 0, 397, 495, 196, 4, 32.12%, 0, 0, 5, 1043.39, 1864358, 580
2917, 0, 397, 495, 196, 4, 32.12%, 0, 0, 5, 1020.26, 1869518, 580
2922, 0, 210, 495, 196, 4, 32.12%, 0, 0, 5, 141.00, 1872442, 580
2927, 0, 210, 495, 196, 4, 32.12%, 0, 0, 5, 124.38, 1873042, 580
2932, 0, 210, 495, 196, 4, 32.12%, 0, 0, 5, 122.70, 1873420, 580
2937, 0, 210, 495, 196, 4, 32.12%, 0, 0, 5, 122.45, 1874034, 580
2942, 0, 210, 495, 196, 4, 32.12%, 0, 0, 5, 122.88, 1874670, 580
2947, 0, 210, 495, 196, 4, 32.12%, 0, 0, 5, 124.41, 1875312, 580
2953, 0, 210, 495, 196, 4, 32.12%, 0, 0, 5, 124.15, 1875956, 580
2958, 0, 210, 495, 196, 4, 32.12%, 0, 0, 5, 123.66, 1876570, 580
2963, 0, 210, 496, 197, 4, 32.12%, 0, 0, 5, 127.27, 1877222, 580
2968, 0, 210, 496, 197, 4, 32.12%, 0, 0, 5, 118.47, 1877702, 580
2973, 0, 210, 496, 197, 4, 32.12%, 0, 0, 5, 119.06, 1878272, 580
2978, 0, 210, 496, 197, 4, 32.12%, 0, 0, 5, 121.36, 1878894, 580
2983, 0, 210, 496, 197, 4, 32.12%, 0, 0, 5, 125.29, 1879482, 580
2988, 0, 210, 496, 197, 4, 32.12%, 0, 0, 5, 127.78, 1880134, 580
2993, 0, 210, 496, 197, 4, 32.12%, 0, 0, 5, 127.55, 1880784, 580
2998, 0, 210, 496, 197, 4, 32.12%, 0, 0, 5, 123.04, 1881428, 580
3004, 0, 210, 496, 197, 4, 32.12%, 0, 0, 5, 125.41, 1881948, 580
3009, 0, 210, 496, 197, 4, 32.12%, 0, 0, 5, 126.50, 1882466, 580
3014, 0, 210, 496, 197, 4, 32.12%, 0, 0, 5, 101.08, 1882986, 580
3019, 0, 210, 496, 197, 4, 32.12%, 0, 0, 5, 111.15, 1883556, 580
3025, 0, 210, 496, 197, 4, 32.12%, 0, 0, 5, 114.59, 1884052, 580
3030, 0, 210, 496, 197, 4, 32.12%, 0, 0, 5, 122.41, 1884674, 580
3035, 0, 210, 496, 197, 4, 32.12%, 0, 0, 5, 117.10, 1885136, 580
3040, 0, 210, 496, 197, 4, 32.12%, 0, 0, 5, 124.41, 1885738, 580
3045, 0, 210, 496, 197, 4, 32.12%, 0, 0, 5, 4.60, 1886284, 580
3050, 0, 210, 496, 197, 4, 32.12%, 0, 0, 5, 93.44, 1886763, 580
3055, 0, 210, 496, 197, 4, 32.12%, 0, 0, 5, 86.37, 1887298, 580
3060, 0, 210, 496, 197, 4, 32.12%, 0, 0, 5, 117.55, 1887758, 580
3065, 0, 210, 496, 197, 4, 32.12%, 0, 0, 5, 117.57, 1888294, 580
3071, 0, 210, 496, 197, 4, 32.12%, 0, 0, 5, 8.37, 1888566, 580
3076, 0, 210, 496, 197, 4, 32.12%, 0, 0, 5, 56.62, 1888738, 580
3081, 0, 210, 496, 197, 4, 32.12%, 0, 0, 5, 113.68, 1888978, 580
3086, 0, 210, 496, 197, 4, 32.12%, 0, 0, 5, 3.83, 1889254, 580
3091, 0, 210, 496, 197, 4, 32.12%, 0, 0, 5, 74.87, 1889573, 580
3097, 0, 210, 496, 197, 4, 32.12%, 0, 0, 5, 16.90, 1889985, 580
3102, 0, 210, 496, 197, 4, 32.12%, 0, 0, 5, 12.95, 1890063, 580
3107, 0, 210, 496, 197, 4, 32.12%, 0, 0, 5, 12.24, 1890461, 580
3112, 0, 210, 496, 197, 4, 32.12%, 0, 0, 5, 89.23, 1890827, 580
3117, 0, 210, 496, 197, 4, 32.12%, 0, 0, 5, 3.38, 1890919, 580
3123, 0, 210, 496, 197, 4, 32.12%, 0, 0, 5, 3.33, 1890935, 580
3128, 0, 210, 496, 197, 4, 32.12%, 0, 0, 5, 3.27, 1890951, 580
3133, 0, 210, 496, 197, 4, 32.12%, 0, 0, 5, 2.26, 1891046, 580
3138, 0, 210, 496, 197, 4, 32.12%, 0, 0, 5, 38.46, 1891071, 580
3145, 0, 210, 496, 197, 4, 32.12%, 0, 0, 5, 0.52, 1891165, 580
3150, 0, 210, 496, 197, 4, 32.12%, 0, 0, 5, 108.39, 1891446, 580
3155, 0, 210, 496, 197, 4, 32.12%, 0, 0, 5, 97.51, 1891768, 580
3160, 0, 210, 496, 197, 4, 32.12%, 0, 0, 5, 94.34, 1891955, 580
3165, 0, 210, 496, 197, 4, 32.12%, 0, 0, 5, 3.68, 1892171, 580
3171, 0, 210, 496, 197, 4, 32.12%, 0, 0, 5, 38.15, 1892256, 580
3176, 0, 210, 496, 197, 4, 32.12%, 0, 0, 5, 7.40, 1892293, 580
3181, 0, 210, 496, 197, 4, 32.12%, 0, 0, 5, 4.65, 1892401, 580
3186, 0, 210, 496, 197, 4, 32.12%, 0, 0, 5, 35.29, 1892585, 580
3191, 0, 210, 496, 197, 4, 32.12%, 0, 0, 5, 80.50, 1892985, 580
3196, 0, 210, 496, 197, 4, 32.12%, 0, 0, 5, 116.26, 1893632, 580
3202, 0, 210, 496, 197, 4, 32.12%, 0, 0, 5, 104.33, 1894166, 580
3207, 0, 210, 496, 197, 4, 32.12%, 0, 0, 5, 119.15, 1894786, 580
3212, 0, 210, 496, 197, 4, 32.12%, 0, 0, 5, 124.24, 1895434, 580
3217, 0, 210, 496, 197, 4, 32.12%, 0, 0, 5, 125.69, 1896084, 580
3222, 0, 210, 496, 197, 4, 32.12%, 0, 0, 5, 6.70, 1896259, 580
3228, 0, 210, 496, 197, 4, 32.12%, 0, 0, 5, 5.79, 1896365, 580
3233, 0, 210, 496, 197, 4, 32.12%, 0, 0, 5, 28.49, 1896473, 580
3238, 0, 210, 496, 197, 4, 32.12%, 0, 0, 5, 29.80, 1896575, 580
3244, 0, 210, 496, 197, 4, 32.12%, 0, 0, 5, 2.98, 1896587, 580
3249, 0, 210, 496, 197, 4, 32.12%, 0, 0, 5, 1.50, 1896612, 580
3255, 0, 210, 496, 197, 4, 32.12%, 0, 0, 5, 2.11, 1896626, 580
3260, 0, 383, 496, 196, 5, 32.12%, 0, 0, 5, 795.51, 1897939, 580
3265, 0, 383, 496, 196, 5, 32.12%, 0, 0, 5, 959.15, 1902975, 580
3270, 0, 383, 496, 196, 5, 32.12%, 0, 0, 5, 1014.07, 1908064, 580
3275, 0, 383, 496, 196, 5, 32.12%, 0, 0, 5, 1042.83, 1913324, 580
3280, 0, 383, 496, 196, 5, 32.12%, 0, 0, 5, 1013.11, 1917784, 580
3285, 0, 383, 496, 196, 5, 32.12%, 0, 0, 5, 984.05, 1922079, 580
3291, 0, 383, 496, 196, 5, 32.12%, 0, 0, 5, 955.96, 1927000, 580
3296, 0, 383, 496, 196, 5, 32.12%, 0, 0, 5, 1053.64, 1931884, 580
3301, 0, 383, 496, 196, 5, 32.12%, 0, 0, 5, 1014.33, 1936980, 580
3306, 0, 383, 496, 196, 5, 32.12%, 0, 0, 5, 1059.05, 1942321, 580
3311, 0, 495, 497, 197, 5, 32.12%, 0, 0, 5, 157.30, 1946161, 580
3316, 0, 495, 497, 197, 5, 32.12%, 0, 0, 5, 157.07, 1946953, 580
3321, 0, 495, 497, 197, 5, 32.12%, 0, 0, 5, 156.17, 1947745, 580
3326, 0, 495, 497, 197, 5, 32.12%, 0, 0, 5, 155.09, 1948504, 580
3331, 0, 495, 497, 197, 5, 32.12%, 0, 0, 5, 157.73, 1949200, 580
3336, 0, 495, 497, 197, 5, 32.12%, 0, 0, 5, 156.98, 1949989, 580
3341, 0, 495, 497, 197, 5, 32.12%, 0, 0, 5, 13.39, 1950742, 580
3347, 0, 495, 497, 197, 5, 32.12%, 0, 0, 5, 150.70, 1951510, 580
3352, 0, 495, 497, 197, 5, 32.12%, 0, 0, 5, 155.84, 1952302, 580
3357, 0, 495, 497, 197, 5, 32.12%, 0, 0, 5, 147.53, 1953046, 580
3362, 0, 495, 497, 197, 5, 32.12%, 0, 0, 5, 15.04, 1953235, 580
3367, 0, 495, 497, 197, 5, 32.12%, 0, 0, 5, 158.40, 1953835, 580
3372, 0, 495, 497, 197, 5, 32.12%, 0, 0, 5, 156.43, 1954618, 580
3377, 0, 495, 497, 197, 5, 32.12%, 0, 0, 5, 145.39, 1955353, 580
3383, 0, 495, 497, 197, 5, 32.12%, 0, 0, 5, 144.27, 1956100, 580
3388, 0, 495, 497, 197, 5, 32.12%, 0, 0, 5, 152.40, 1956910, 580
3393, 0, 495, 497, 197, 5, 32.12%, 0, 0, 5, 146.61, 1957526, 580
3398, 0, 495, 497, 197, 5, 32.12%, 0, 0, 5, 147.65, 1958274, 580
3403, 0, 495, 497, 197, 5, 32.12%, 0, 0, 5, 154.78, 1959058, 580
3408, 0, 495, 497, 197, 5, 32.12%, 0, 0, 5, 155.13, 1959784, 580
3413, 0, 495, 497, 197, 5, 32.12%, 0, 0, 5, 153.44, 1960561, 580
3418, 0, 495, 497, 197, 5, 32.12%, 0, 0, 5, 136.33, 1961150, 580
3423, 0, 495, 497, 197, 5, 32.12%, 0, 0, 5, 5.35, 1961402, 580
3429, 0, 495, 498, 198, 5, 32.12%, 0, 0, 5, 81.27, 1961645, 580
3434, 0, 495, 498, 198, 5, 32.12%, 0, 0, 5, 140.61, 1962442, 580
3439, 0, 495, 498, 198, 5, 32.12%, 0, 0, 5, 153.68, 1963254, 580
3444, 0, 495, 498, 198, 5, 32.12%, 0, 0, 5, 158.45, 1964007, 580
3449, 0, 495, 498, 198, 5, 32.12%, 0, 0, 5, 157.55, 1964799, 580
3454, 0, 495, 498, 198, 5, 32.12%, 0, 0, 5, 156.69, 1965279, 580
3459, 0, 495, 498, 198, 5, 32.12%, 0, 0, 5, 156.29, 1966065, 580
3464, 0, 495, 498, 198, 5, 32.12%, 0, 0, 5, 155.67, 1966851, 580
3469, 0, 495, 498, 198, 5, 32.12%, 0, 0, 5, 153.29, 1967595, 580
3474, 0, 495, 498, 198, 5, 32.12%, 0, 0, 5, 155.42, 1968381, 580
3479, 0, 495, 498, 198, 5, 32.12%, 0, 0, 5, 146.78, 1969050, 580
3484, 0, 495, 498, 198, 5, 32.12%, 0, 0, 5, 138.04, 1969742, 580
3490, 0, 495, 498, 198, 5, 32.12%, 0, 0, 5, 59.36, 1969909, 580
3495, 0, 495, 498, 198, 5, 32.12%, 0, 0, 5, 136.95, 1970708, 580
3500, 0, 495, 498, 198, 5, 32.12%, 0, 0, 5, 155.50, 1971486, 580
3505, 0, 495, 498, 198, 5, 32.12%, 0, 0, 5, 151.61, 1972125, 580
3510, 0, 495, 498, 198, 5, 32.12%, 0, 0, 5, 23.53, 1972737, 580
3516, 0, 495, 498, 198, 5, 32.12%, 0, 0, 5, 1.86, 1972891, 580
3521, 0, 495, 498, 198, 5, 32.12%, 0, 0, 5, 84.08, 1973300, 580
3527, 0, 495, 498, 198, 5, 32.12%, 0, 0, 5, 128.49, 1973896, 580
3532, 0, 495, 498, 198, 5, 32.12%, 0, 0, 5, 39.06, 1974377, 580
3537, 0, 495, 498, 198, 5, 32.12%, 0, 0, 5, 26.42, 1974493, 580
3542, 0, 495, 498, 198, 5, 32.12%, 0, 0, 5, 115.03, 1975044, 580
3547, 0, 495, 498, 198, 5, 32.12%, 0, 0, 5, 148.28, 1975736, 580
3552, 0, 495, 498, 198, 5, 32.12%, 0, 0, 5, 126.68, 1976336, 580
3557, 0, 495, 498, 198, 5, 32.12%, 0, 0, 5, 119.00, 1976964, 580
3563, 0, 495, 498, 198, 5, 32.12%, 0, 0, 5, 148.30, 1977764, 580
3568, 0, 495, 498, 198, 5, 32.12%, 0, 0, 5, 154.61, 1978548, 580
3573, 0, 383, 498, 197, 6, 32.12%, 0, 0, 5, 1064.95, 1983227, 580
3578, 0, 466, 498, 197, 6, 32.12%, 0, 0, 5, 1157.66, 1989323, 580
3583, 0, 466, 498, 197, 6, 32.12%, 0, 0, 5, 1076.46, 1994737, 580
3588, 0, 496, 498, 197, 6, 32.12%, 0, 0, 5, 157.41, 1995775, 580
3593, 0, 496, 498, 197, 6, 32.12%, 0, 0, 5, 157.39, 1996564, 580
3598, 0, 496, 498, 197, 6, 32.12%, 0, 0, 5, 149.29, 1997269, 580
3603, 0, 496, 498, 197, 6, 32.12%, 0, 0, 5, 157.11, 1998091, 580
3608, 0, 496, 498, 197, 6, 32.12%, 0, 0, 5, 159.47, 1998916, 580
3614, 0, 496, 498, 197, 6, 32.12%, 0, 0, 5, 158.97, 1999741, 580
3619, 0, 496, 498, 197, 6, 32.12%, 0, 0, 5, 147.77, 2000428, 580
3624, 0, 496, 498, 197, 6, 32.12%, 0, 0, 5, 4.39, 2000512, 580
3629, 0, 496, 498, 197, 6, 32.12%, 0, 0, 5, 14.00, 2000614, 580
3634, 0, 496, 498, 197, 6, 32.12%, 0, 0, 5, 2.38, 2000724, 580
3640, 0, 496, 498, 197, 6, 32.12%, 0, 0, 5, 19.24, 2000828, 580
3647, 0, 496, 498, 197, 6, 32.12%, 0, 0, 5, 2.55, 2000841, 580
3652, 0, 496, 498, 197, 6, 32.12%, 0, 0, 5, 3.53, 2000858, 580
3658, 0, 496, 498, 197, 6, 32.12%, 0, 0, 5, 3.10, 2000890, 580
3663, 0, 496, 498, 197, 6, 32.12%, 0, 0, 5, 146.14, 2001521, 580
3668, 0, 496, 498, 197, 6, 32.12%, 0, 0, 5, 133.41, 2002159, 580
3673, 0, 496, 498, 197, 6, 32.12%, 0, 0, 5, 162.71, 2002861, 580
3678, 0, 496, 498, 197, 6, 32.12%, 0, 0, 5, 158.71, 2003650, 580
3683, 0, 496, 498, 197, 6, 32.12%, 0, 0, 5, 158.32, 2004442, 580
3689, 0, 496, 498, 197, 6, 32.12%, 0, 0, 5, 156.55, 2005231, 580
3694, 0, 496, 498, 197, 6, 32.12%, 0, 0, 5, 149.00, 2005745, 580
3699, 0, 496, 498, 197, 6, 32.12%, 0, 0, 5, 155.20, 2006425, 580
3704, 0, 496, 498, 197, 6, 32.12%, 0, 0, 5, 159.94, 2007163, 580
3709, 0, 496, 498, 197, 6, 32.12%, 0, 0, 5, 40.93, 2007532, 580
3714, 0, 496, 498, 197, 6, 32.12%, 0, 0, 5, 123.45, 2008231, 580
3719, 0, 496, 498, 197, 6, 32.12%, 0, 0, 5, 153.51, 2009062, 580
3725, 0, 496, 498, 197, 6, 32.12%, 0, 0, 5, 162.27, 2009866, 580
3730, 0, 496, 498, 197, 6, 32.12%, 0, 0, 5, 163.07, 2010712, 580
3735, 0, 496, 498, 197, 6, 32.12%, 0, 0, 5, 157.91, 2011312, 580
3740, 0, 496, 498, 197, 6, 32.12%, 0, 0, 5, 158.52, 2012104, 580
3745, 0, 496, 498, 197, 6, 32.12%, 0, 0, 5, 161.40, 2012938, 580
3750, 0, 496, 498, 197, 6, 32.12%, 0, 0, 5, 156.39, 2013724, 580
3755, 0, 496, 498, 197, 6, 32.12%, 0, 0, 5, 152.67, 2014483, 580
3761, 0, 496, 498, 197, 6, 32.12%, 0, 0, 5, 3.02, 2014814, 580
3767, 0, 496, 498, 197, 6, 32.12%, 0, 0, 5, 22.00, 2014929, 580
3772, 0, 496, 498, 197, 6, 32.12%, 0, 0, 5, 141.82, 2015417, 580
3777, 0, 496, 498, 197, 6, 32.12%, 0, 0, 5, 158.64, 2016256, 580
3782, 0, 496, 498, 197, 6, 32.12%, 0, 0, 5, 146.71, 2016975, 580
3787, 0, 496, 498, 197, 6, 32.12%, 0, 0, 5, 144.51, 2017729, 580
3792, 0, 496, 498, 197, 6, 32.12%, 0, 0, 5, 148.98, 2018209, 580
3797, 0, 496, 498, 197, 6, 32.12%, 0, 0, 5, 159.23, 2018875, 580
3802, 0, 496, 498, 197, 6, 32.12%, 0, 0, 5, 155.86, 2019583, 580
3807, 0, 367, 498, 196, 5, 32.12%, 0, 0, 5, 1075.17, 2024533, 580
3813, 0, 367, 498, 196, 5, 32.12%, 0, 0, 5, 1124.97, 2030241, 580
3818, 0, 367, 498, 196, 5, 32.12%, 0, 0, 5, 1171.28, 2036171, 580
3823, 0, 367, 498, 196, 5, 32.12%, 0, 0, 5, 984.22, 2040926, 580
3828, 0, 383, 498, 195, 4, 32.12%, 0, 0, 5, 998.32, 2045742, 580
3833, 0, 383, 498, 195, 4, 32.12%, 0, 0, 5, 1007.88, 2050959, 580
3838, 0, 383, 498, 195, 4, 32.12%, 0, 0, 5, 992.42, 2055926, 580
3843, 0, 383, 498, 195, 4, 32.12%, 0, 0, 5, 980.16, 2060847, 580
3848, 0, 383, 498, 195, 4, 32.12%, 0, 0, 5, 1020.60, 2064279, 580
3853, 0, 393, 498, 195, 4, 32.12%, 0, 0, 5, 1009.87, 2069475, 580
3858, 0, 393, 498, 195, 4, 32.12%, 0, 0, 5, 1020.59, 2074795, 580
3864, 0, 393, 498, 195, 4, 32.12%, 0, 0, 5, 1003.77, 2079835, 580
3869, 0, 393, 498, 195, 4, 32.12%, 0, 0, 5, 960.00, 2084247, 580
3874, 0, 393, 498, 195, 4, 32.12%, 0, 0, 5, 972.30, 2089071, 580
3879, 0, 393, 498, 195, 4, 32.12%, 0, 0, 5, 901.11, 2092903, 580
3884, 0, 381, 498, 195, 4, 32.12%, 0, 0, 5, 856.23, 2097188, 580
3889, 0, 381, 498, 195, 4, 32.12%, 0, 0, 5, 831.06, 2101335, 580
3894, 0, 381, 498, 195, 4, 32.12%, 0, 0, 5, 821.66, 2105479, 580
3899, 0, 381, 498, 195, 4, 32.12%, 0, 0, 5, 781.38, 2109496, 580
3904, 0, 381, 498, 195, 4, 32.12%, 0, 0, 5, 828.22, 2113767, 580
3910, 0, 497, 498, 195, 4, 32.12%, 0, 0, 5, 131.83, 2118017, 580
3915, 0, 497, 498, 195, 4, 32.12%, 0, 0, 5, 158.42, 2118103, 580
3920, 0, 497, 498, 195, 4, 32.12%, 0, 0, 5, 200.32, 2118721, 580
3925, 0, 497, 498, 195, 4, 32.12%, 0, 0, 5, 176.09, 2119586, 580
3930, 0, 497, 498, 195, 4, 32.12%, 0, 0, 5, 191.00, 2120555, 580
3935, 0, 497, 498, 195, 4, 32.12%, 0, 0, 5, 197.85, 2121422, 580
3940, 0, 497, 498, 195, 4, 32.12%, 0, 0, 5, 196.04, 2122382, 580
3946, 0, 497, 498, 195, 4, 32.12%, 0, 0, 5, 197.54, 2123408, 580
3951, 0, 497, 498, 195, 4, 32.12%, 0, 0, 5, 201.35, 2124281, 580
3956, 0, 497, 498, 195, 4, 32.12%, 0, 0, 5, 181.22, 2125148, 580
3961, 0, 497, 498, 195, 4, 32.12%, 0, 0, 5, 184.21, 2126090, 580
3966, 0, 497, 498, 195, 4, 32.12%, 0, 0, 5, 184.43, 2127029, 580
3970, 0, 497, 498, 195, 4, 32.12%, 0, 0, 5, 121.78, 2127526, 580
