# relative_time, cycles_done, cur_path, paths_total, pending_total, pending_favs, map_size, unique_crashes, unique_hangs, max_depth, execs_per_sec, total_execs, edges_found
60, 0, 197, 459, 253, 60, 31.40%, 0, 0, 3, 764.21, 44236, 567
66, 0, 197, 459, 253, 60, 31.40%, 0, 0, 3, 798.02, 48076, 567
71, 0, 439, 459, 252, 82, 31.40%, 0, 0, 3, 778.82, 52025, 567
76, 0, 401, 459, 251, 81, 31.40%, 0, 0, 3, 801.73, 56057, 567
81, 0, 401, 460, 252, 81, 31.45%, 0, 0, 3, 790.00, 60031, 568
86, 0, 384, 460, 251, 81, 31.45%, 0, 0, 3, 779.74, 63741, 568
91, 0, 384, 460, 251, 81, 31.45%, 0, 0, 3, 823.52, 66888, 568
96, 0, 405, 460, 250, 80, 31.45%, 0, 0, 3, 757.09, 70295, 568
101, 0, 434, 460, 249, 79, 31.45%, 0, 0, 3, 70.75, 74041, 568
106, 0, 434, 460, 249, 79, 31.45%, 0, 0, 3, 880.45, 78312, 568
112, 0, 421, 460, 248, 78, 31.45%, 0, 0, 3, 779.66, 82266, 568
117, 0, 442, 460, 247, 77, 31.45%, 0, 0, 3, 816.03, 86449, 568
122, 0, 442, 460, 247, 77, 31.45%, 0, 0, 3, 818.74, 90625, 568
127, 0, 413, 460, 246, 76, 31.45%, 0, 0, 3, 857.42, 94899, 568
132, 0, 378, 460, 245, 75, 31.45%, 0, 0, 3, 832.41, 98974, 568
137, 0, 378, 460, 245, 75, 31.45%, 0, 0, 3, 801.10, 102799, 568
142, 0, 409, 460, 244, 74, 31.45%, 0, 0, 3, 666.36, 105851, 568
147, 0, 409, 460, 244, 74, 31.45%, 0, 0, 3, 749.83, 109394, 568
153, 0, 389, 460, 243, 73, 31.45%, 0, 0, 3, 815.57, 113563, 568
158, 0, 454, 460, 242, 72, 31.45%, 0, 0, 3, 832.58, 117874, 568
163, 0, 454, 460, 242, 72, 31.45%, 0, 0, 3, 785.45, 121886, 568
168, 0, 446, 460, 241, 71, 31.45%, 0, 0, 3, 781.21, 125730, 568
174, 0, 458, 460, 240, 70, 31.45%, 0, 0, 3, 53.65, 129579, 568
179, 0, 458, 460, 240, 70, 31.45%, 0, 0, 3, 769.34, 133038, 568
184, 0, 376, 460, 239, 69, 31.45%, 0, 0, 3, 824.15, 137304, 568
189, 0, 376, 460, 239, 69, 31.45%, 0, 0, 3, 761.45, 141259, 568
194, 0, 452, 460, 238, 68, 31.45%, 0, 0, 3, 769.83, 145089, 568
199, 0, 411, 460, 237, 67, 31.45%, 0, 0, 3, 780.54, 148272, 568
204, 0, 411, 460, 237, 67, 31.45%, 0, 0, 3, 818.90, 152160, 568
209, 0, 387, 460, 236, 66, 31.45%, 0, 0, 3, 803.73, 156037, 568
215, 0, 387, 460, 236, 66, 31.45%, 0, 0, 3, 829.67, 160245, 568
220, 0, 371, 460, 235, 65, 31.45%, 0, 0, 3, 870.78, 164691, 568
225, 0, 453, 460, 234, 64, 31.45%, 0, 0, 3, 829.74, 168873, 568
230, 0, 422, 460, 233, 63, 31.45%, 0, 0, 3, 819.08, 172990, 568
235, 0, 422, 460, 233, 63, 31.45%, 0, 0, 3, 787.76, 176953, 568
240, 0, 398, 460, 232, 62, 31.45%, 0, 0, 3, 800.02, 180288, 568
245, 0, 398, 460, 232, 62, 31.45%, 0, 0, 3, 803.07, 184336, 568
250, 0, 423, 460, 231, 61, 31.45%, 0, 0, 3, 779.32, 188344, 568
255, 0, 369, 460, 230, 60, 31.45%, 0, 0, 3, 742.76, 191596, 568
260, 0, 369, 460, 230, 60, 31.45%, 0, 0, 3, 749.85, 195050, 568
265, 0, 372, 460, 229, 59, 31.45%, 0, 0, 3, 627.67, 197859, 568
270, 0, 372, 460, 229, 59, 31.45%, 0, 0, 3, 754.67, 201851, 568
275, 0, 400, 460, 228, 58, 31.45%, 0, 0, 3, 915.74, 204749, 568
280, 0, 400, 460, 228, 58, 31.45%, 0, 0, 3, 858.56, 208839, 568
286, 0, 433, 460, 227, 57, 31.45%, 0, 0, 3, 937.79, 213804, 568
291, 0, 417, 461, 227, 57, 31.45%, 0, 0, 4, 854.56, 218084, 568
296, 0, 417, 461, 227, 57, 31.45%, 0, 0, 4, 787.72, 221757, 568
301, 0, 456, 461, 226, 56, 31.45%, 0, 0, 4, 828.53, 224754, 568
306, 0, 407, 461, 225, 55, 31.45%, 0, 0, 4, 41.79, 228371, 568
336, 0, 407, 461, 225, 55, 31.45%, 0, 0, 4, 1.91, 231566, 568
341, 0, 443, 461, 224, 54, 31.45%, 0, 0, 4, 735.63, 235413, 568
346, 0, 443, 461, 224, 54, 31.45%, 0, 0, 4, 793.94, 239552, 568
351, 0, 382, 461, 223, 53, 31.45%, 0, 0, 4, 834.91, 243760, 568
356, 0, 399, 461, 222, 52, 31.45%, 0, 0, 4, 838.57, 248082, 568
361, 0, 399, 461, 222, 52, 31.45%, 0, 0, 4, 129.03, 252146, 568
366, 0, 451, 461, 221, 51, 31.45%, 0, 0, 4, 809.66, 256044, 568
371, 0, 404, 461, 220, 50, 31.45%, 0, 0, 4, 807.18, 260121, 568
377, 0, 404, 461, 220, 50, 31.45%, 0, 0, 4, 788.77, 263953, 568
382, 0, 438, 461, 219, 49, 31.45%, 0, 0, 4, 820.25, 268160, 568
387, 0, 424, 461, 218, 48, 31.45%, 0, 0, 4, 788.78, 272153, 568
392, 0, 424, 461, 218, 48, 31.45%, 0, 0, 4, 816.37, 276317, 568
397, 0, 436, 462, 218, 47, 31.45%, 0, 0, 4, 810.85, 280400, 568
402, 0, 444, 462, 217, 47, 31.45%, 0, 0, 4, 798.55, 284379, 568
407, 0, 444, 462, 217, 47, 31.45%, 0, 0, 4, 923.52, 289007, 568
412, 0, 427, 462, 216, 46, 31.45%, 0, 0, 4, 515.05, 291762, 568
417, 0, 427, 462, 216, 46, 31.45%, 0, 0, 4, 778.53, 296154, 568
422, 0, 448, 462, 215, 45, 31.45%, 0, 0, 4, 797.97, 300207, 568
428, 0, 376, 462, 214, 44, 31.45%, 0, 0, 4, 815.90, 303971, 568
433, 0, 376, 462, 214, 44, 31.45%, 0, 0, 4, 849.34, 308387, 568
438, 0, 431, 462, 214, 44, 31.45%, 0, 0, 4, 794.53, 312148, 568
443, 0, 376, 462, 213, 43, 31.45%, 0, 0, 4, 874.15, 316622, 568
448, 0, 457, 462, 213, 43, 31.45%, 0, 0, 4, 945.00, 321096, 568
453, 0, 457, 462, 213, 43, 31.45%, 0, 0, 4, 869.13, 325480, 568
458, 0, 461, 463, 213, 42, 31.45%, 0, 0, 4, 823.33, 329715, 568
463, 0, 440, 463, 212, 41, 31.45%, 0, 0, 4, 768.44, 333590, 568
469, 0, 440, 463, 212, 41, 31.45%, 0, 0, 4, 812.79, 337786, 568
474, 0, 392, 463, 211, 40, 31.45%, 0, 0, 4, 698.59, 341323, 568
479, 0, 392, 463, 211, 40, 31.45%, 0, 0, 4, 629.89, 344395, 568
484, 0, 397, 463, 210, 39, 31.45%, 0, 0, 4, 710.95, 348049, 568
489, 0, 447, 463, 209, 38, 31.45%, 0, 0, 4, 809.08, 352226, 568
494, 0, 447, 463, 209, 38, 31.45%, 0, 0, 4, 831.86, 356546, 568
499, 0, 437, 463, 208, 37, 31.45%, 0, 0, 4, 852.68, 360956, 568
504, 0, 416, 463, 207, 36, 31.45%, 0, 0, 4, 831.43, 364825, 568
509, 0, 416, 463, 207, 36, 31.45%, 0, 0, 4, 812.49, 368921, 568
514, 0, 450, 463, 206, 35, 31.45%, 0, 0, 4, 788.47, 372779, 568
521, 0, 396, 463, 205, 34, 31.45%, 0, 0, 4, 58.82, 376465, 568
526, 0, 396, 464, 206, 34, 31.45%, 0, 0, 4, 704.93, 379661, 568
531, 0, 420, 464, 205, 33, 31.45%, 0, 0, 4, 791.68, 382760, 568
536, 0, 420, 464, 205, 33, 31.45%, 0, 0, 4, 845.35, 386463, 568
542, 0, 380, 464, 204, 32, 31.45%, 0, 0, 4, 823.69, 389156, 568
547, 0, 380, 464, 204, 32, 31.45%, 0, 0, 4, 802.51, 393124, 568
552, 0, 418, 464, 203, 31, 31.45%, 0, 0, 4, 848.23, 397325, 568
557, 0, 460, 464, 202, 30, 31.45%, 0, 0, 4, 831.75, 401395, 568
562, 0, 460, 464, 202, 30, 31.45%, 0, 0, 4, 871.49, 405743, 568
567, 0, 441, 464, 201, 29, 31.45%, 0, 0, 4, 851.06, 410046, 568
572, 0, 415, 464, 200, 28, 31.45%, 0, 0, 4, 873.74, 414485, 568
577, 0, 415, 464, 200, 28, 31.45%, 0, 0, 4, 853.04, 418769, 568
582, 0, 429, 464, 199, 27, 31.45%, 0, 0, 4, 731.25, 422412, 568
588, 0, 429, 464, 199, 27, 31.45%, 0, 0, 4, 672.87, 425842, 568
593, 0, 429, 464, 199, 27, 31.45%, 0, 0, 4, 690.71, 429313, 568
598, 0, 429, 464, 199, 27, 31.45%, 0, 0, 4, 646.60, 432542, 568
603, 0, 429, 464, 199, 27, 31.45%, 0, 0, 4, 650.43, 435686, 568
608, 0, 429, 464, 199, 27, 31.45%, 0, 0, 4, 697.29, 439297, 568
613, 0, 429, 464, 199, 27, 31.45%, 0, 0, 4, 668.68, 442326, 568
618, 0, 429, 464, 199, 27, 31.45%, 0, 0, 4, 687.89, 445784, 568
623, 0, 429, 464, 199, 27, 31.45%, 0, 0, 4, 6.83, 448304, 568
629, 0, 429, 464, 199, 27, 31.45%, 0, 0, 4, 1.39, 448401, 568
634, 0, 429, 464, 199, 27, 31.45%, 0, 0, 4, 663.80, 449710, 568
639, 0, 429, 464, 199, 27, 31.45%, 0, 0, 4, 23.39, 451132, 568
644, 0, 429, 464, 199, 27, 31.45%, 0, 0, 4, 4.22, 451253, 568
649, 0, 414, 464, 198, 26, 31.45%, 0, 0, 4, 882.44, 453883, 568
654, 0, 414, 464, 198, 26, 31.45%, 0, 0, 4, 850.50, 458099, 568
659, 0, 428, 464, 197, 25, 31.45%, 0, 0, 4, 773.19, 462040, 568
665, 0, 428, 464, 197, 25, 31.45%, 0, 0, 4, 773.97, 466090, 568
670, 0, 170, 464, 196, 24, 31.45%, 0, 0, 4, 817.28, 470274, 568
675, 0, 170, 464, 196, 24, 31.45%, 0, 0, 4, 840.67, 474474, 568
680, 0, 459, 464, 195, 23, 31.45%, 0, 0, 4, 990.00, 477301, 568
685, 0, 459, 464, 195, 23, 31.45%, 0, 0, 4, 852.07, 481523, 568
690, 0, 395, 464, 194, 22, 31.45%, 0, 0, 4, 805.04, 485608, 568
695, 0, 395, 464, 194, 22, 31.45%, 0, 0, 4, 598.57, 488460, 568
700, 0, 395, 464, 194, 22, 31.45%, 0, 0, 4, 583.36, 491331, 568
706, 0, 367, 464, 193, 21, 31.45%, 0, 0, 4, 663.14, 494644, 568
711, 0, 367, 464, 193, 21, 31.45%, 0, 0, 4, 804.74, 498904, 568
716, 0, 368, 464, 193, 21, 31.45%, 0, 0, 4, 780.88, 502567, 568
721, 0, 368, 464, 193, 21, 31.45%, 0, 0, 4, 795.47, 506407, 568
726, 0, 8, 465, 193, 20, 31.51%, 0, 0, 4, 804.39, 510651, 569
731, 0, 8, 466, 194, 20, 31.56%, 0, 0, 4, 737.78, 514163, 570
736, 0, 8, 466, 194, 20, 31.56%, 0, 0, 4, 733.94, 517691, 570
741, 0, 391, 466, 193, 20, 31.56%, 0, 0, 4, 438.22, 519660, 570
747, 0, 391, 466, 193, 20, 31.56%, 0, 0, 4, 575.94, 522751, 570
752, 0, 391, 466, 193, 20, 31.56%, 0, 0, 4, 583.67, 525589, 570
757, 0, 465, 466, 192, 19, 31.56%, 0, 0, 4, 762.17, 528990, 570
762, 0, 465, 466, 192, 19, 31.56%, 0, 0, 4, 722.64, 532125, 570
767, 0, 445, 466, 191, 18, 31.56%, 0, 0, 4, 366.59, 534928, 570
772, 0, 445, 466, 191, 18, 31.56%, 0, 0, 4, 839.71, 539810, 570
777, 0, 427, 466, 190, 17, 31.56%, 0, 0, 4, 826.18, 543906, 570
782, 0, 427, 466, 190, 17, 31.56%, 0, 0, 4, 829.64, 548018, 570
787, 0, 188, 466, 190, 17, 31.56%, 0, 0, 4, 855.08, 552469, 570
792, 0, 188, 466, 190, 17, 31.56%, 0, 0, 4, 845.77, 556468, 570
797, 0, 455, 466, 189, 16, 31.56%, 0, 0, 4, 831.25, 560619, 570
803, 0, 455, 466, 189, 16, 31.56%, 0, 0, 4, 841.02, 565035, 570
808, 0, 412, 466, 188, 15, 31.56%, 0, 0, 4, 826.26, 569181, 570
813, 0, 412, 466, 188, 15, 31.56%, 0, 0, 4, 809.57, 573245, 570
818, 0, 427, 466, 187, 14, 31.56%, 0, 0, 4, 780.05, 577047, 570
823, 0, 427, 466, 187, 14, 31.56%, 0, 0, 4, 766.40, 580962, 570
828, 0, 410, 466, 187, 14, 31.56%, 0, 0, 4, 787.28, 585132, 570
833, 0, 410, 466, 187, 14, 31.56%, 0, 0, 4, 717.65, 588610, 570
838, 0, 407, 466, 186, 13, 31.56%, 0, 0, 4, 780.38, 592394, 570
843, 0, 407, 466, 186, 13, 31.56%, 0, 0, 4, 786.81, 596309, 570
849, 0, 464, 466, 186, 13, 31.56%, 0, 0, 4, 782.92, 600417, 570
854, 0, 464, 466, 186, 13, 31.56%, 0, 0, 4, 672.45, 603399, 570
859, 0, 464, 466, 186, 13, 31.56%, 0, 0, 4, 663.11, 606675, 570
864, 0, 449, 466, 185, 12, 31.56%, 0, 0, 4, 709.05, 609904, 570
869, 0, 449, 466, 185, 12, 31.56%, 0, 0, 4, 750.51, 613656, 570
874, 0, 435, 466, 184, 11, 31.56%, 0, 0, 4, 821.17, 617881, 570
879, 0, 435, 466, 184, 11, 31.56%, 0, 0, 4, 818.57, 622137, 570
884, 0, 140, 467, 184, 10, 31.56%, 0, 0, 4, 790.82, 626114, 570
890, 0, 140, 467, 184, 10, 31.56%, 0, 0, 4, 769.97, 630134, 570
895, 0, 430, 467, 183, 9, 31.56%, 0, 0, 4, 729.19, 633882, 570
900, 0, 430, 467, 183, 9, 31.56%, 0, 0, 4, 652.43, 637006, 570
905, 0, 430, 467, 183, 9, 31.56%, 0, 0, 4, 668.15, 639905, 570
910, 0, 430, 467, 183, 9, 31.56%, 0, 0, 4, 676.29, 643298, 570
915, 0, 430, 467, 183, 9, 31.56%, 0, 0, 4, 91.83, 645795, 570
920, 0, 430, 467, 183, 9, 31.56%, 0, 0, 4, 632.47, 648726, 570
925, 0, 430, 467, 183, 9, 31.56%, 0, 0, 4, 100.00, 650418, 570
930, 0, 430, 467, 183, 9, 31.56%, 0, 0, 4, 39.64, 650504, 570
935, 0, 430, 467, 183, 9, 31.56%, 0, 0, 4, 602.22, 652856, 570
940, 0, 430, 467, 183, 9, 31.56%, 0, 0, 4, 644.35, 656118, 570
946, 0, 430, 467, 183, 9, 31.56%, 0, 0, 4, 669.37, 659509, 570
951, 0, 430, 467, 183, 9, 31.56%, 0, 0, 4, 661.48, 662863, 570
956, 0, 425, 467, 182, 8, 31.56%, 0, 0, 4, 641.94, 666118, 570
961, 0, 425, 467, 182, 8, 31.56%, 0, 0, 4, 631.94, 669286, 570
966, 0, 425, 467, 182, 8, 31.56%, 0, 0, 4, 569.97, 671953, 570
971, 0, 396, 467, 181, 7, 31.56%, 0, 0, 4, 624.91, 675030, 570
976, 0, 396, 467, 181, 7, 31.56%, 0, 0, 4, 712.16, 678718, 570
981, 0, 396, 467, 181, 7, 31.56%, 0, 0, 4, 775.32, 682188, 570
986, 0, 376, 467, 181, 7, 31.56%, 0, 0, 4, 767.91, 686135, 570
991, 0, 376, 467, 181, 7, 31.56%, 0, 0, 4, 848.20, 689870, 570
996, 0, 14, 467, 181, 7, 31.56%, 0, 0, 4, 755.89, 693427, 570
1001, 0, 14, 467, 181, 7, 31.56%, 0, 0, 4, 769.74, 697147, 570
1006, 0, 191, 467, 181, 7, 31.56%, 0, 0, 4, 791.67, 701239, 570
1012, 0, 191, 468, 182, 7, 31.56%, 0, 0, 4, 793.23, 705342, 570
1017, 0, 467, 468, 181, 7, 31.56%, 0, 0, 4, 786.54, 709269, 570
1022, 0, 467, 468, 181, 7, 31.56%, 0, 0, 4, 760.52, 713109, 570
1027, 0, 412, 468, 180, 6, 31.56%, 0, 0, 4, 755.02, 716906, 570
1032, 0, 412, 468, 180, 6, 31.56%, 0, 0, 4, 827.11, 721130, 570
1037, 0, 447, 468, 180, 6, 31.56%, 0, 0, 4, 837.19, 725514, 570
1042, 0, 447, 468, 180, 6, 31.56%, 0, 0, 4, 839.21, 729882, 570
1047, 0, 446, 468, 180, 6, 31.56%, 0, 0, 4, 833.85, 733930, 570
1052, 0, 446, 468, 180, 6, 31.56%, 0, 0, 4, 804.32, 737962, 570
1058, 0, 379, 468, 180, 6, 31.56%, 0, 0, 4, 804.32, 742026, 570
1063, 0, 379, 468, 180, 6, 31.56%, 0, 0, 4, 837.41, 745770, 570
1068, 0, 212, 468, 180, 6, 31.56%, 0, 0, 4, 123.31, 748262, 570
1073, 0, 212, 468, 180, 6, 31.56%, 0, 0, 4, 116.58, 748666, 570
1078, 0, 212, 468, 180, 6, 31.56%, 0, 0, 4, 120.83, 749096, 570
1083, 0, 212, 468, 180, 6, 31.56%, 0, 0, 4, 96.46, 749644, 570
1088, 0, 212, 468, 180, 6, 31.56%, 0, 0, 4, 116.59, 750246, 570
1093, 0, 212, 468, 180, 6, 31.56%, 0, 0, 4, 120.07, 750842, 570
1098, 0, 212, 468, 180, 6, 31.56%, 0, 0, 4, 123.01, 751326, 570
1104, 0, 212, 468, 180, 6, 31.56%, 0, 0, 4, 110.67, 751818, 570
1109, 0, 212, 468, 180, 6, 31.56%, 0, 0, 4, 122.21, 752468, 570
1114, 0, 212, 468, 180, 6, 31.56%, 0, 0, 4, 121.48, 753088, 570
1119, 0, 212, 468, 180, 6, 31.56%, 0, 0, 4, 120.61, 753710, 570
1124, 0, 212, 468, 180, 6, 31.56%, 0, 0, 4, 118.81, 754326, 570
1129, 0, 212, 468, 180, 6, 31.56%, 0, 0, 4, 123.32, 754950, 570
1134, 0, 212, 468, 180, 6, 31.56%, 0, 0, 4, 123.76, 755469, 570
1139, 0, 212, 468, 180, 6, 31.56%, 0, 0, 4, 93.14, 755931, 570
1145, 0, 77, 468, 179, 5, 31.56%, 0, 0, 4, 766.19, 758699, 570
1150, 0, 77, 468, 179, 5, 31.56%, 0, 0, 4, 807.06, 762945, 570
1155, 0, 321, 471, 181, 5, 31.56%, 0, 0, 4, 533.70, 765265, 570
1160, 0, 321, 472, 182, 5, 31.56%, 0, 0, 4, 548.75, 768013, 570
1165, 0, 321, 472, 182, 5, 31.56%, 0, 0, 4, 571.05, 770985, 570
1170, 0, 321, 472, 182, 5, 31.56%, 0, 0, 4, 573.42, 773867, 570
1175, 0, 321, 472, 182, 5, 31.56%, 0, 0, 4, 570.00, 776749, 570
1180, 0, 321, 472, 182, 5, 31.56%, 0, 0, 4, 564.69, 779631, 570
1185, 0, 321, 472, 182, 5, 31.56%, 0, 0, 4, 576.19, 782513, 570
1190, 0, 321, 472, 182, 5, 31.56%, 0, 0, 4, 567.84, 785142, 570
1196, 0, 321, 472, 182, 5, 31.56%, 0, 0, 4, 600.00, 787066, 570
1201, 0, 321, 472, 182, 5, 31.56%, 0, 0, 4, 574.61, 789179, 570
1206, 0, 321, 472, 182, 5, 31.56%, 0, 0, 4, 510.51, 791433, 570
1211, 0, 321, 472, 182, 5, 31.56%, 0, 0, 4, 555.87, 794261, 570
1216, 0, 321, 472, 182, 5, 31.56%, 0, 0, 4, 562.82, 797143, 570
1221, 0, 5, 473, 182, 5, 31.67%, 0, 0, 4, 710.90, 801001, 572
1226, 0, 5, 473, 182, 5, 31.67%, 0, 0, 4, 4.00, 804446, 572
1232, 0, 5, 473, 182, 5, 31.67%, 0, 0, 4, 502.97, 805232, 572
1237, 0, 472, 473, 182, 6, 31.67%, 0, 0, 4, 669.81, 808927, 572
1242, 0, 472, 473, 182, 6, 31.67%, 0, 0, 4, 21.41, 811391, 572
1248, 0, 472, 473, 182, 6, 31.67%, 0, 0, 4, 0.32, 812287, 572
1253, 0, 472, 473, 181, 5, 31.67%, 0, 0, 4, 37.63, 814654, 572
1258, 0, 472, 473, 181, 5, 31.67%, 0, 0, 4, 613.86, 816786, 572
1263, 0, 472, 473, 181, 5, 31.67%, 0, 0, 4, 725.36, 820716, 572
1268, 0, 403, 473, 181, 5, 31.67%, 0, 0, 4, 808.27, 824842, 572
1273, 0, 403, 473, 181, 5, 31.67%, 0, 0, 4, 825.32, 828986, 572
1278, 0, 396, 473, 181, 5, 31.67%, 0, 0, 4, 828.97, 833306, 572
1284, 0, 396, 473, 181, 5, 31.67%, 0, 0, 4, 834.69, 837674, 572
1289, 0, 460, 473, 181, 5, 31.67%, 0, 0, 4, 853.79, 841973, 572
1294, 0, 460, 473, 181, 5, 31.67%, 0, 0, 4, 855.21, 845917, 572
1299, 0, 396, 473, 181, 5, 31.67%, 0, 0, 4, 825.66, 849706, 572
1304, 0, 396, 473, 181, 5, 31.67%, 0, 0, 4, 807.50, 853626, 572
1309, 0, 237, 473, 181, 5, 31.67%, 0, 0, 4, 765.57, 857547, 572
1314, 0, 237, 473, 181, 5, 31.67%, 0, 0, 4, 742.68, 861344, 572
1319, 0, 237, 473, 181, 5, 31.67%, 0, 0, 4, 764.07, 865257, 572
1324, 0, 237, 473, 181, 5, 31.67%, 0, 0, 4, 758.06, 869037, 572
1329, 0, 237, 473, 181, 5, 31.67%, 0, 0, 4, 768.72, 872922, 572
1335, 0, 237, 473, 181, 5, 31.67%, 0, 0, 4, 4.87, 874238, 572
1340, 0, 237, 473, 181, 5, 31.67%, 0, 0, 4, 712.88, 877290, 572
1345, 0, 472, 473, 180, 5, 31.67%, 0, 0, 4, 783.85, 880533, 572
1350, 0, 472, 473, 180, 5, 31.67%, 0, 0, 4, 745.32, 883946, 572
1355, 0, 472, 473, 180, 5, 31.67%, 0, 0, 4, 706.40, 887516, 572
1360, 0, 472, 473, 180, 5, 31.67%, 0, 0, 4, 751.20, 891506, 572
1365, 0, 472, 473, 180, 5, 31.67%, 0, 0, 4, 725.12, 895034, 572
1370, 0, 472, 473, 180, 5, 31.67%, 0, 0, 4, 759.86, 898878, 572
1375, 0, 472, 473, 180, 5, 31.67%, 0, 0, 4, 751.75, 902636, 572
1380, 0, 379, 473, 180, 5, 31.67%, 0, 0, 4, 784.61, 906549, 572
1385, 0, 379, 473, 180, 5, 31.67%, 0, 0, 4, 822.52, 910764, 572
1390, 0, 379, 473, 180, 5, 31.67%, 0, 0, 4, 829.95, 913036, 572
1396, 0, 379, 473, 180, 5, 31.67%, 0, 0, 4, 808.75, 916876, 572
1401, 0, 379, 473, 180, 5, 31.67%, 0, 0, 4, 810.23, 920908, 572
1406, 0, 379, 473, 180, 5, 31.67%, 0, 0, 4, 767.58, 924804, 572
1411, 0, 376, 473, 180, 5, 31.67%, 0, 0, 4, 816.90, 929004, 572
1416, 0, 376, 473, 180, 5, 31.67%, 0, 0, 4, 846.45, 933420, 572
1422, 0, 376, 473, 180, 5, 31.67%, 0, 0, 4, 833.17, 937628, 572
1427, 0, 376, 473, 180, 5, 31.67%, 0, 0, 4, 858.86, 942099, 572
1432, 0, 376, 473, 180, 5, 31.67%, 0, 0, 4, 863.49, 946485, 572
1437, 0, 376, 473, 180, 5, 31.67%, 0, 0, 4, 879.11, 950973, 572
1442, 0, 451, 473, 180, 5, 31.67%, 0, 0, 4, 814.53, 955116, 572
1447, 0, 451, 473, 180, 5, 31.67%, 0, 0, 4, 787.35, 958604, 572
1452, 0, 451, 473, 180, 5, 31.67%, 0, 0, 4, 824.26, 961980, 572
1457, 0, 451, 473, 180, 5, 31.67%, 0, 0, 4, 726.37, 964844, 572
1462, 0, 451, 473, 180, 5, 31.67%, 0, 0, 4, 698.38, 968115, 572
1468, 0, 451, 473, 180, 5, 31.67%, 0, 0, 4, 775.22, 972217, 572
1473, 0, 451, 473, 180, 5, 31.67%, 0, 0, 4, 809.23, 976317, 572
1478, 0, 376, 473, 180, 5, 31.67%, 0, 0, 4, 769.50, 979738, 572
1483, 0, 376, 473, 180, 5, 31.67%, 0, 0, 4, 805.07, 983869, 572
1488, 0, 376, 473, 180, 5, 31.67%, 0, 0, 4, 864.23, 987971, 572
1493, 0, 376, 473, 180, 5, 31.67%, 0, 0, 4, 796.78, 991933, 572
1498, 0, 376, 473, 180, 5, 31.67%, 0, 0, 4, 805.54, 995949, 572
1503, 0, 376, 473, 180, 5, 31.67%, 0, 0, 4, 812.61, 1000061, 572
1508, 0, 369, 473, 180, 5, 31.67%, 0, 0, 4, 829.63, 1004253, 572
1514, 0, 369, 473, 180, 5, 31.67%, 0, 0, 4, 841.93, 1008605, 572
1519, 0, 369, 473, 180, 5, 31.67%, 0, 0, 4, 840.05, 1012957, 572
1524, 0, 369, 473, 180, 5, 31.67%, 0, 0, 4, 846.22, 1017325, 572
1529, 0, 369, 473, 180, 5, 31.67%, 0, 0, 4, 834.18, 1021677, 572
1534, 0, 369, 473, 180, 5, 31.67%, 0, 0, 4, 854.30, 1026113, 572
1539, 0, 427, 473, 180, 5, 31.67%, 0, 0, 4, 826.27, 1030013, 572
1545, 0, 427, 473, 180, 5, 31.67%, 0, 0, 4, 818.60, 1034301, 572
1550, 0, 427, 473, 180, 5, 31.67%, 0, 0, 4, 757.34, 1038039, 572
1555, 0, 427, 473, 180, 5, 31.67%, 0, 0, 4, 798.90, 1041865, 572
1560, 0, 427, 473, 180, 5, 31.67%, 0, 0, 4, 814.17, 1045981, 572
1565, 0, 427, 473, 180, 5, 31.67%, 0, 0, 4, 809.49, 1049949, 572
1570, 0, 428, 473, 180, 5, 31.67%, 0, 0, 4, 766.18, 1053631, 572
1575, 0, 428, 473, 180, 5, 31.67%, 0, 0, 4, 792.41, 1057786, 572
1580, 0, 428, 473, 180, 5, 31.67%, 0, 0, 4, 906.79, 1061467, 572
1586, 0, 428, 473, 180, 5, 31.67%, 0, 0, 4, 528.12, 1064981, 572
1591, 0, 428, 473, 180, 5, 31.67%, 0, 0, 4, 829.11, 1069421, 572
1596, 0, 428, 473, 180, 5, 31.67%, 0, 0, 4, 960.06, 1073909, 572
1601, 0, 460, 473, 180, 5, 31.67%, 0, 0, 4, 974.90, 1077946, 572
1606, 0, 460, 474, 181, 5, 31.67%, 0, 0, 5, 949.23, 1082704, 572
1611, 0, 460, 474, 181, 5, 31.67%, 0, 0, 5, 866.02, 1086946, 572
1616, 0, 460, 474, 181, 5, 31.67%, 0, 0, 5, 838.81, 1091093, 572
1621, 0, 460, 474, 181, 5, 31.67%, 0, 0, 5, 845.29, 1095445, 572
1626, 0, 460, 474, 181, 5, 31.67%, 0, 0, 5, 865.41, 1099764, 572
1631, 0, 473, 474, 181, 6, 31.67%, 0, 0, 5, 887.04, 1104259, 572
1636, 0, 473, 474, 181, 6, 31.67%, 0, 0, 5, 872.22, 1108696, 572
1641, 0, 473, 474, 181, 6, 31.67%, 0, 0, 5, 861.83, 1113048, 572
1646, 0, 473, 474, 181, 6, 31.67%, 0, 0, 5, 855.23, 1117060, 572
1652, 0, 473, 474, 181, 6, 31.67%, 0, 0, 5, 842.83, 1121346, 572
1657, 0, 215, 474, 180, 5, 31.67%, 0, 0, 5, 779.92, 1125132, 572
1662, 0, 215, 475, 181, 5, 31.84%, 0, 0, 5, 802.39, 1129085, 575
1667, 0, 215, 475, 181, 5, 31.84%, 0, 0, 5, 822.14, 1133255, 575
1672, 0, 215, 475, 181, 5, 31.84%, 0, 0, 5, 817.87, 1137399, 575
1677, 0, 215, 475, 181, 5, 31.84%, 0, 0, 5, 828.34, 1141607, 575
1682, 0, 215, 475, 181, 5, 31.84%, 0, 0, 5, 100.83, 1145049, 575
1687, 0, 215, 475, 181, 5, 31.84%, 0, 0, 5, 235.92, 1146223, 575
1692, 0, 215, 475, 181, 5, 31.84%, 0, 0, 5, 100.72, 1147679, 575
1698, 0, 215, 475, 181, 5, 31.84%, 0, 0, 5, 181.65, 1148885, 575
1703, 0, 215, 475, 181, 5, 31.84%, 0, 0, 5, 28.78, 1149657, 575
1708, 0, 474, 475, 180, 6, 31.84%, 0, 0, 5, 33.27, 1149831, 575
1713, 0, 474, 475, 180, 6, 31.84%, 0, 0, 5, 61.14, 1149901, 575
1718, 0, 474, 475, 180, 6, 31.84%, 0, 0, 5, 43.14, 1150056, 575
1723, 0, 474, 475, 180, 6, 31.84%, 0, 0, 5, 537.92, 1151762, 575
1728, 0, 474, 475, 180, 6, 31.84%, 0, 0, 5, 749.44, 1155802, 575
1734, 0, 474, 475, 180, 6, 31.84%, 0, 0, 5, 837.62, 1159265, 575
1739, 0, 474, 475, 180, 6, 31.84%, 0, 0, 5, 770.63, 1162763, 575
1744, 0, 474, 475, 180, 6, 31.84%, 0, 0, 5, 762.83, 1166168, 575
1749, 0, 474, 475, 180, 6, 31.84%, 0, 0, 5, 849.30, 1170529, 575
1754, 0, 376, 475, 179, 5, 31.84%, 0, 0, 5, 133.33, 1174385, 575
1759, 0, 376, 475, 179, 5, 31.84%, 0, 0, 5, 1007.28, 1179349, 575
1764, 0, 376, 475, 179, 5, 31.84%, 0, 0, 5, 912.22, 1183919, 575
1769, 0, 376, 475, 179, 5, 31.84%, 0, 0, 5, 887.45, 1188314, 575
1774, 0, 376, 475, 179, 5, 31.84%, 0, 0, 5, 886.34, 1192768, 575
1779, 0, 376, 475, 179, 5, 31.84%, 0, 0, 5, 875.83, 1197222, 575
1784, 0, 410, 475, 179, 5, 31.84%, 0, 0, 5, 803.82, 1201297, 575
1789, 0, 410, 475, 179, 5, 31.84%, 0, 0, 5, 880.32, 1205444, 575
1795, 0, 410, 475, 179, 5, 31.84%, 0, 0, 5, 903.86, 1210068, 575
1800, 0, 410, 475, 179, 5, 31.84%, 0, 0, 5, 899.44, 1214687, 575
1805, 0, 410, 475, 179, 5, 31.84%, 0, 0, 5, 66.77, 1217067, 575
1810, 0, 410, 475, 179, 5, 31.84%, 0, 0, 5, 805.96, 1220753, 575
1815, 0, 376, 475, 179, 5, 31.84%, 0, 0, 5, 932.28, 1225673, 575
1820, 0, 376, 475, 179, 5, 31.84%, 0, 0, 5, 902.98, 1230245, 575
1825, 0, 376, 475, 179, 5, 31.84%, 0, 0, 5, 885.59, 1234712, 575
1830, 0, 376, 475, 179, 5, 31.84%, 0, 0, 5, 870.03, 1239115, 575
1835, 0, 376, 475, 179, 5, 31.84%, 0, 0, 5, 887.39, 1243603, 575
1840, 0, 366, 475, 179, 5, 31.84%, 0, 0, 5, 877.36, 1248068, 575
1845, 0, 366, 475, 179, 5, 31.84%, 0, 0, 5, 887.47, 1252505, 575
1851, 0, 366, 475, 179, 5, 31.84%, 0, 0, 5, 872.63, 1256925, 575
1856, 0, 366, 475, 179, 5, 31.84%, 0, 0, 5, 850.55, 1261265, 575
1861, 0, 366, 475, 179, 5, 31.84%, 0, 0, 5, 817.85, 1265361, 575
1866, 0, 366, 475, 179, 5, 31.84%, 0, 0, 5, 858.22, 1269743, 575
1871, 0, 377, 475, 179, 5, 31.84%, 0, 0, 5, 781.30, 1273283, 575
1876, 0, 377, 475, 179, 5, 31.84%, 0, 0, 5, 838.33, 1277441, 575
1881, 0, 377, 475, 179, 5, 31.84%, 0, 0, 5, 789.82, 1280783, 575
1886, 0, 377, 475, 179, 5, 31.84%, 0, 0, 5, 893.46, 1284995, 575
1892, 0, 377, 475, 179, 5, 31.84%, 0, 0, 5, 988.60, 1290206, 575
1897, 0, 377, 475, 179, 5, 31.84%, 0, 0, 5, 879.60, 1294336, 575
1902, 0, 367, 475, 179, 5, 31.84%, 0, 0, 5, 853.08, 1298512, 575
1907, 0, 367, 475, 179, 5, 31.84%, 0, 0, 5, 977.08, 1303477, 575
1912, 0, 367, 475, 179, 5, 31.84%, 0, 0, 5, 906.42, 1308005, 575
1917, 0, 367, 475, 179, 5, 31.84%, 0, 0, 5, 876.88, 1312418, 575
1922, 0, 367, 475, 179, 5, 31.84%, 0, 0, 5, 842.75, 1316705, 575
1927, 0, 367, 475, 179, 5, 31.84%, 0, 0, 5, 804.98, 1320753, 575
1932, 0, 399, 475, 179, 5, 31.84%, 0, 0, 5, 787.66, 1324520, 575
1938, 0, 399, 475, 179, 5, 31.84%, 0, 0, 5, 389.41, 1327597, 575
1943, 0, 399, 475, 179, 5, 31.84%, 0, 0, 5, 541.10, 1330380, 575
1948, 0, 399, 475, 179, 5, 31.84%, 0, 0, 5, 150.38, 1332615, 575
1954, 0, 399, 475, 179, 5, 31.84%, 0, 0, 5, 186.59, 1333277, 575
1959, 0, 399, 475, 179, 5, 31.84%, 0, 0, 5, 719.84, 1334681, 575
1964, 0, 399, 475, 179, 5, 31.84%, 0, 0, 5, 102.19, 1336655, 575
1969, 0, 399, 475, 179, 5, 31.84%, 0, 0, 5, 830.52, 1340321, 575
1974, 0, 399, 475, 179, 5, 31.84%, 0, 0, 5, 781.76, 1344395, 575
1979, 0, 461, 475, 179, 5, 31.84%, 0, 0, 5, 755.33, 1347416, 575
1985, 0, 461, 475, 179, 5, 31.84%, 0, 0, 5, 684.41, 1350586, 575
1990, 0, 461, 475, 179, 5, 31.84%, 0, 0, 5, 676.60, 1354079, 575
1995, 0, 461, 475, 179, 5, 31.84%, 0, 0, 5, 24.10, 1355913, 575
2000, 0, 461, 475, 179, 5, 31.84%, 0, 0, 5, 51.87, 1356715, 575
2005, 0, 461, 475, 179, 5, 31.84%, 0, 0, 5, 222.99, 1357647, 575
2011, 0, 461, 475, 179, 5, 31.84%, 0, 0, 5, 81.58, 1358572, 575
2016, 0, 461, 475, 179, 5, 31.84%, 0, 0, 5, 127.53, 1359525, 575
2021, 0, 461, 475, 179, 5, 31.84%, 0, 0, 5, 22.68, 1359825, 575
2027, 0, 461, 475, 179, 5, 31.84%, 0, 0, 5, 10.95, 1360093, 575
2032, 0, 461, 475, 179, 5, 31.84%, 0, 0, 5, 9.35, 1360424, 575
2037, 0, 461, 475, 179, 5, 31.84%, 0, 0, 5, 769.73, 1362164, 575
2042, 0, 461, 475, 179, 5, 31.84%, 0, 0, 5, 821.20, 1366084, 575
2047, 0, 461, 475, 179, 5, 31.84%, 0, 0, 5, 826.75, 1370196, 575
2052, 0, 399, 475, 179, 5, 31.84%, 0, 0, 5, 825.14, 1374404, 575
2057, 0, 399, 475, 179, 5, 31.84%, 0, 0, 5, 844.36, 1378612, 575
2062, 0, 399, 475, 179, 5, 31.84%, 0, 0, 5, 760.00, 1382044, 575
2068, 0, 399, 475, 179, 5, 31.84%, 0, 0, 5, 32.48, 1382937, 575
2073, 0, 399, 475, 179, 5, 31.84%, 0, 0, 5, 691.54, 1383662, 575
2078, 0, 399, 475, 179, 5, 31.84%, 0, 0, 5, 123.80, 1384614, 575
2085, 0, 399, 475, 179, 5, 31.84%, 0, 0, 5, 46.18, 1385206, 575
2091, 0, 399, 475, 179, 5, 31.84%, 0, 0, 5, 6.72, 1385371, 575
2096, 0, 399, 475, 179, 5, 31.84%, 0, 0, 5, 2.29, 1385578, 575
2101, 0, 399, 475, 179, 5, 31.84%, 0, 0, 5, 755.89, 1385990, 575
2106, 0, 399, 475, 179, 5, 31.84%, 0, 0, 5, 794.34, 1390100, 575
2111, 0, 399, 475, 179, 5, 31.84%, 0, 0, 5, 130.07, 1394052, 575
2116, 0, 484, 495, 199, 11, 32.17%, 0, 0, 5, 626.68, 1396764, 581
2121, 0, 484, 495, 199, 11, 32.17%, 0, 0, 5, 695.91, 1400315, 581
2126, 0, 484, 495, 199, 11, 32.17%, 0, 0, 5, 743.03, 1403574, 581
2132, 0, 484, 495, 199, 11, 32.17%, 0, 0, 5, 1.62, 1404951, 581
2137, 0, 484, 495, 199, 11, 32.17%, 0, 0, 5, 60.61, 1405092, 581
2142, 0, 484, 495, 199, 11, 32.17%, 0, 0, 5, 352.78, 1406241, 581
2147, 0, 484, 495, 199, 11, 32.17%, 0, 0, 5, 665.86, 1410013, 581
2152, 0, 484, 495, 199, 11, 32.17%, 0, 0, 5, 97.05, 1412742, 581
2157, 0, 484, 495, 199, 11, 32.17%, 0, 0, 5, 724.07, 1414116, 581
2162, 0, 484, 495, 199, 11, 32.17%, 0, 0, 5, 87.19, 1416673, 581
2167, 0, 484, 495, 199, 11, 32.17%, 0, 0, 5, 19.47, 1416754, 581
2172, 0, 484, 495, 199, 11, 32.17%, 0, 0, 5, 707.43, 1419982, 581
2178, 0, 484, 495, 199, 11, 32.17%, 0, 0, 5, 693.98, 1423572, 581
2183, 0, 484, 495, 199, 11, 32.17%, 0, 0, 5, 708.29, 1427234, 581
2188, 0, 492, 496, 199, 10, 32.17%, 0, 0, 5, 765.98, 1430862, 581
2193, 0, 492, 496, 199, 10, 32.17%, 0, 0, 5, 750.02, 1434577, 581
2199, 0, 483, 496, 198, 10, 32.17%, 0, 0, 5, 98.62, 1438795, 581
2204, 0, 483, 496, 198, 10, 32.17%, 0, 0, 5, 960.40, 1443724, 581
2209, 0, 376, 496, 197, 9, 32.17%, 0, 0, 5, 918.78, 1447485, 581
2214, 0, 376, 496, 197, 9, 32.17%, 0, 0, 5, 891.91, 1451904, 581
2219, 0, 493, 496, 197, 9, 32.17%, 0, 0, 5, 795.64, 1455889, 581
2224, 0, 493, 496, 197, 9, 32.17%, 0, 0, 5, 767.75, 1459685, 581
2230, 0, 491, 496, 196, 8, 32.17%, 0, 0, 5, 42.21, 1461553, 581
2235, 0, 491, 496, 196, 8, 32.17%, 0, 0, 5, 39.95, 1461756, 581
2240, 0, 491, 496, 196, 8, 32.17%, 0, 0, 5, 713.51, 1465284, 581
2245, 0, 491, 496, 196, 8, 32.17%, 0, 0, 5, 696.73, 1468665, 581
2250, 0, 491, 496, 196, 8, 32.17%, 0, 0, 5, 718.75, 1472561, 581
2255, 0, 491, 496, 196, 8, 32.17%, 0, 0, 5, 759.48, 1476416, 581
2260, 0, 491, 496, 196, 8, 32.17%, 0, 0, 5, 757.35, 1480286, 581
2265, 0, 491, 496, 196, 8, 32.17%, 0, 0, 5, 758.02, 1484156, 581
2271, 0, 491, 496, 196, 8, 32.17%, 0, 0, 5, 511.06, 1486186, 581
2276, 0, 491, 496, 196, 8, 32.17%, 0, 0, 5, 221.64, 1488080, 581
2281, 0, 491, 496, 196, 8, 32.17%, 0, 0, 5, 43.80, 1489616, 581
2286, 0, 491, 496, 196, 8, 32.17%, 0, 0, 5, 466.56, 1491572, 581
2291, 0, 491, 496, 196, 8, 32.17%, 0, 0, 5, 189.29, 1492298, 581
2297, 0, 491, 496, 196, 8, 32.17%, 0, 0, 5, 532.21, 1493056, 581
2302, 0, 367, 496, 195, 7, 32.17%, 0, 0, 5, 464.07, 1494838, 581
2307, 0, 367, 496, 195, 7, 32.17%, 0, 0, 5, 830.85, 1496949, 581
2312, 0, 367, 496, 195, 7, 32.17%, 0, 0, 5, 839.86, 1501092, 581
2317, 0, 495, 498, 197, 7, 32.17%, 0, 0, 5, 834.96, 1505439, 581
2322, 0, 495, 498, 197, 7, 32.17%, 0, 0, 5, 834.63, 1509775, 581
2327, 0, 495, 498, 196, 6, 32.17%, 0, 0, 5, 264.20, 1512991, 581
2332, 0, 495, 498, 196, 6, 32.17%, 0, 0, 5, 330.65, 1514591, 581
2338, 0, 495, 498, 196, 6, 32.17%, 0, 0, 5, 697.48, 1518481, 581
2343, 0, 210, 498, 196, 6, 32.17%, 0, 0, 5, 119.95, 1519391, 581
2348, 0, 210, 498, 196, 6, 32.17%, 0, 0, 5, 123.02, 1520031, 581
2353, 0, 210, 498, 196, 6, 32.17%, 0, 0, 5, 114.43, 1520550, 581
2358, 0, 210, 498, 196, 6, 32.17%, 0, 0, 5, 106.25, 1521059, 581
2363, 0, 210, 498, 196, 6, 32.17%, 0, 0, 5, 98.77, 1521486, 581
2368, 0, 210, 498, 196, 6, 32.17%, 0, 0, 5, 114.71, 1521939, 581
2374, 0, 210, 498, 196, 6, 32.17%, 0, 0, 5, 83.04, 1522333, 581
2379, 0, 210, 498, 196, 6, 32.17%, 0, 0, 5, 101.50, 1522691, 581
2384, 0, 210, 498, 196, 6, 32.17%, 0, 0, 5, 66.06, 1523044, 581
2389, 0, 210, 499, 197, 6, 32.17%, 0, 0, 5, 12.66, 1523287, 581
2395, 0, 210, 499, 197, 6, 32.17%, 0, 0, 5, 3.61, 1523351, 581
2400, 0, 210, 499, 197, 6, 32.17%, 0, 0, 5, 3.83, 1523439, 581
2405, 0, 210, 499, 197, 6, 32.17%, 0, 0, 5, 4.72, 1523509, 581
2410, 0, 210, 499, 197, 6, 32.17%, 0, 0, 5, 121.07, 1523977, 581
2415, 0, 210, 499, 197, 6, 32.17%, 0, 0, 5, 122.34, 1524597, 581
2420, 0, 210, 499, 197, 6, 32.17%, 0, 0, 5, 123.87, 1525221, 581
2426, 0, 210, 499, 197, 6, 32.17%, 0, 0, 5, 3.77, 1525583, 581
2431, 0, 210, 499, 197, 6, 32.17%, 0, 0, 5, 3.14, 1525672, 581
2436, 0, 210, 499, 197, 6, 32.17%, 0, 0, 5, 83.10, 1525783, 581
2441, 0, 210, 499, 197, 6, 32.17%, 0, 0, 5, 120.72, 1526351, 581
2446, 0, 210, 499, 197, 6, 32.17%, 0, 0, 5, 120.16, 1526935, 581
2451, 0, 210, 499, 197, 6, 32.17%, 0, 0, 5, 108.45, 1527503, 581
2456, 0, 210, 499, 197, 6, 32.17%, 0, 0, 5, 100.72, 1527937, 581
2461, 0, 210, 499, 197, 6, 32.17%, 0, 0, 5, 100.11, 1528421, 581
2466, 0, 210, 499, 197, 6, 32.17%, 0, 0, 5, 86.54, 1528819, 581
2472, 0, 210, 499, 197, 6, 32.17%, 0, 0, 5, 10.13, 1529030, 581
2477, 0, 210, 499, 197, 6, 32.17%, 0, 0, 5, 1.56, 1529058, 581
2482, 0, 210, 499, 197, 6, 32.17%, 0, 0, 5, 79.81, 1529172, 581
2487, 0, 210, 499, 197, 6, 32.17%, 0, 0, 5, 20.27, 1529244, 581
2493, 0, 210, 499, 197, 6, 32.17%, 0, 0, 5, 1.85, 1529283, 581
2499, 0, 210, 499, 197, 6, 32.17%, 0, 0, 5, 8.14, 1529305, 581
2504, 0, 210, 499, 197, 6, 32.17%, 0, 0, 5, 8.90, 1529347, 581
2509, 0, 210, 499, 197, 6, 32.17%, 0, 0, 5, 122.39, 1529889, 581
2515, 0, 210, 499, 197, 6, 32.17%, 0, 0, 5, 117.23, 1530417, 581
2520, 0, 210, 499, 197, 6, 32.17%, 0, 0, 5, 110.05, 1530935, 581
2525, 0, 210, 499, 197, 6, 32.17%, 0, 0, 5, 7.39, 1531177, 581
2530, 0, 210, 499, 197, 6, 32.17%, 0, 0, 5, 24.88, 1531271, 581
2535, 0, 210, 499, 197, 6, 32.17%, 0, 0, 5, 2.83, 1531375, 581
2540, 0, 210, 499, 197, 6, 32.17%, 0, 0, 5, 124.73, 1531815, 581
2546, 0, 210, 499, 197, 6, 32.17%, 0, 0, 5, 114.98, 1532367, 581
2551, 0, 210, 499, 197, 6, 32.17%, 0, 0, 5, 109.62, 1532923, 581
2556, 0, 210, 499, 197, 6, 32.17%, 0, 0, 5, 25.21, 1533053, 581
2561, 0, 210, 499, 197, 6, 32.17%, 0, 0, 5, 62.67, 1533187, 581
2566, 0, 210, 499, 197, 6, 32.17%, 0, 0, 5, 43.35, 1533348, 581
2572, 0, 210, 499, 197, 6, 32.17%, 0, 0, 5, 49.70, 1533558, 581
2577, 0, 210, 499, 197, 6, 32.17%, 0, 0, 5, 117.57, 1534061, 581
2582, 0, 210, 499, 197, 6, 32.17%, 0, 0, 5, 117.25, 1534659, 581
2587, 0, 210, 499, 197, 6, 32.17%, 0, 0, 5, 121.72, 1535275, 581
2592, 0, 210, 499, 197, 6, 32.17%, 0, 0, 5, 121.63, 1535887, 581
2597, 0, 210, 499, 197, 6, 32.17%, 0, 0, 5, 119.62, 1536505, 581
2602, 0, 210, 499, 197, 6, 32.17%, 0, 0, 5, 3.27, 1536606, 581
2607, 0, 210, 499, 197, 6, 32.17%, 0, 0, 5, 119.82, 1536849, 581
2612, 0, 210, 499, 197, 6, 32.17%, 0, 0, 5, 119.75, 1537465, 581
2618, 0, 210, 499, 197, 6, 32.17%, 0, 0, 5, 124.18, 1538115, 581
2623, 0, 210, 499, 197, 6, 32.17%, 0, 0, 5, 122.87, 1538731, 581
2628, 0, 210, 499, 197, 6, 32.17%, 0, 0, 5, 116.94, 1539301, 581
2633, 0, 210, 499, 197, 6, 32.17%, 0, 0, 5, 115.61, 1539857, 581
2638, 0, 210, 499, 197, 6, 32.17%, 0, 0, 5, 115.56, 1540455, 581
2643, 0, 210, 499, 197, 6, 32.17%, 0, 0, 5, 116.61, 1541057, 581
2648, 0, 210, 499, 197, 6, 32.17%, 0, 0, 5, 122.41, 1541681, 581
2653, 0, 210, 499, 197, 6, 32.17%, 0, 0, 5, 123.69, 1542303, 581
2658, 0, 210, 499, 197, 6, 32.17%, 0, 0, 5, 8.13, 1542803, 581
2663, 0, 210, 499, 197, 6, 32.17%, 0, 0, 5, 119.81, 1543371, 581
2668, 0, 487, 499, 196, 6, 32.17%, 0, 0, 5, 804.20, 1546844, 581
2674, 0, 487, 500, 197, 6, 32.23%, 0, 0, 5, 752.71, 1550855, 582
2679, 0, 487, 501, 198, 6, 32.23%, 0, 0, 5, 754.13, 1554658, 582
2684, 0, 487, 501, 198, 6, 32.23%, 0, 0, 5, 792.03, 1558288, 582
2689, 0, 487, 501, 198, 6, 32.23%, 0, 0, 5, 75.92, 1560858, 582
2694, 0, 487, 501, 198, 6, 32.23%, 0, 0, 5, 3.44, 1560894, 582
2699, 0, 487, 501, 198, 6, 32.23%, 0, 0, 5, 695.82, 1563488, 582
2704, 0, 487, 501, 198, 6, 32.23%, 0, 0, 5, 545.76, 1566498, 582
2710, 0, 487, 501, 198, 6, 32.23%, 0, 0, 5, 768.88, 1570783, 582
2715, 0, 487, 501, 198, 6, 32.23%, 0, 0, 5, 817.71, 1575052, 582
2720, 0, 442, 501, 197, 6, 32.23%, 0, 0, 5, 827.31, 1579260, 582
2725, 0, 442, 501, 197, 6, 32.23%, 0, 0, 5, 840.47, 1583682, 582
2730, 0, 500, 501, 197, 6, 32.23%, 0, 0, 5, 657.15, 1586246, 582
2736, 0, 500, 501, 197, 6, 32.23%, 0, 0, 5, 174.37, 1586950, 582
2741, 0, 500, 501, 197, 6, 32.23%, 0, 0, 5, 683.22, 1588820, 582
2746, 0, 500, 501, 197, 6, 32.23%, 0, 0, 5, 764.54, 1592809, 582
2751, 0, 500, 501, 197, 6, 32.23%, 0, 0, 5, 763.40, 1596649, 582
2756, 0, 500, 501, 197, 6, 32.23%, 0, 0, 5, 714.58, 1600175, 582
2762, 0, 500, 501, 197, 6, 32.23%, 0, 0, 5, 36.53, 1603227, 582
2767, 0, 500, 501, 197, 6, 32.23%, 0, 0, 5, 707.92, 1604639, 582
2773, 0, 500, 502, 198, 6, 32.23%, 0, 0, 5, 38.30, 1608432, 582
2778, 0, 475, 502, 197, 5, 32.23%, 0, 0, 5, 702.40, 1609216, 582
2783, 0, 475, 503, 198, 5, 32.45%, 0, 0, 5, 791.08, 1613332, 586
2788, 0, 475, 503, 198, 5, 32.45%, 0, 0, 5, 842.93, 1617746, 586
2793, 0, 475, 503, 198, 5, 32.45%, 0, 0, 5, 846.11, 1622114, 586
2798, 0, 475, 503, 198, 5, 32.45%, 0, 0, 5, 848.93, 1626498, 586
2803, 0, 475, 503, 198, 5, 32.45%, 0, 0, 5, 854.86, 1630819, 586
2809, 0, 502, 503, 197, 5, 32.45%, 0, 0, 5, 885.95, 1634866, 586
2814, 0, 502, 503, 197, 5, 32.45%, 0, 0, 5, 869.32, 1639133, 586
2819, 0, 502, 503, 197, 5, 32.45%, 0, 0, 5, 74.56, 1643383, 586
2824, 0, 502, 503, 197, 5, 32.45%, 0, 0, 5, 890.55, 1647438, 586
2829, 0, 502, 503, 197, 5, 32.45%, 0, 0, 5, 841.77, 1651451, 586
2834, 0, 502, 503, 197, 5, 32.45%, 0, 0, 5, 824.20, 1655355, 586
2839, 0, 464, 503, 196, 4, 32.45%, 0, 0, 5, 803.20, 1659531, 586
2844, 0, 464, 503, 196, 4, 32.45%, 0, 0, 5, 617.14, 1662495, 586
2849, 0, 464, 503, 196, 4, 32.45%, 0, 0, 5, 753.86, 1666140, 586
2854, 0, 464, 503, 196, 4, 32.45%, 0, 0, 5, 112.84, 1668872, 586
2859, 0, 464, 503, 196, 4, 32.45%, 0, 0, 5, 526.61, 1670785, 586
2864, 0, 464, 503, 196, 4, 32.45%, 0, 0, 5, 102.94, 1672443, 586
2870, 0, 464, 503, 196, 4, 32.45%, 0, 0, 5, 555.34, 1673327, 586
2875, 0, 464, 503, 196, 4, 32.45%, 0, 0, 5, 109.97, 1675144, 586
2880, 0, 464, 503, 196, 4, 32.45%, 0, 0, 5, 54.33, 1675844, 586
2885, 0, 464, 503, 196, 4, 32.45%, 0, 0, 5, 90.29, 1676043, 586
2890, 0, 464, 503, 196, 4, 32.45%, 0, 0, 5, 41.32, 1676345, 586
2895, 0, 464, 503, 196, 4, 32.45%, 0, 0, 5, 732.66, 1678843, 586
2900, 0, 464, 503, 196, 4, 32.45%, 0, 0, 5, 753.92, 1682580, 586
2905, 0, 474, 503, 196, 4, 32.45%, 0, 0, 5, 845.25, 1686923, 586
2911, 0, 474, 503, 196, 4, 32.45%, 0, 0, 5, 857.61, 1691311, 586
2916, 0, 474, 503, 196, 4, 32.45%, 0, 0, 5, 851.56, 1695578, 586
2921, 0, 474, 503, 196, 4, 32.45%, 0, 0, 5, 826.96, 1699899, 586
2926, 0, 474, 503, 196, 4, 32.45%, 0, 0, 5, 801.03, 1703947, 586
2931, 0, 379, 503, 196, 4, 32.45%, 0, 0, 5, 803.62, 1707899, 586
2936, 0, 379, 503, 196, 4, 32.45%, 0, 0, 5, 833.12, 1712283, 586
2941, 0, 379, 503, 196, 4, 32.45%, 0, 0, 5, 839.74, 1716603, 586
2947, 0, 379, 503, 196, 4, 32.45%, 0, 0, 5, 848.03, 1721019, 586
2952, 0, 379, 503, 196, 4, 32.45%, 0, 0, 5, 848.11, 1725403, 586
2957, 0, 379, 503, 196, 4, 32.45%, 0, 0, 5, 841.42, 1729643, 586
2962, 0, 427, 503, 196, 4, 32.45%, 0, 0, 5, 856.82, 1734003, 586
2967, 0, 427, 503, 196, 4, 32.45%, 0, 0, 5, 810.21, 1737275, 586
2972, 0, 427, 503, 196, 4, 32.45%, 0, 0, 5, 803.70, 1741099, 586
2977, 0, 427, 503, 196, 4, 32.45%, 0, 0, 5, 851.00, 1745580, 586
2982, 0, 427, 503, 196, 4, 32.45%, 0, 0, 5, 830.65, 1749483, 586
2987, 0, 427, 503, 196, 4, 32.45%, 0, 0, 5, 866.80, 1753910, 586
2993, 0, 376, 503, 196, 4, 32.45%, 0, 0, 5, 881.58, 1758392, 586
2998, 0, 376, 503, 196, 4, 32.45%, 0, 0, 5, 889.80, 1762880, 586
3003, 0, 376, 503, 196, 4, 32.45%, 0, 0, 5, 909.94, 1767285, 586
3008, 0, 376, 503, 196, 4, 32.45%, 0, 0, 5, 876.57, 1771057, 586
3013, 0, 376, 503, 196, 4, 32.45%, 0, 0, 5, 924.10, 1775673, 586
3018, 0, 376, 503, 196, 4, 32.45%, 0, 0, 5, 894.47, 1780186, 586
3023, 0, 413, 503, 196, 4, 32.45%, 0, 0, 5, 827.20, 1783531, 586
3028, 0, 413, 503, 196, 4, 32.45%, 0, 0, 5, 708.22, 1787433, 586
3033, 0, 413, 503, 196, 4, 32.45%, 0, 0, 5, 796.32, 1791705, 586
3038, 0, 413, 503, 196, 4, 32.45%, 0, 0, 5, 804.69, 1795643, 586
3043, 0, 413, 503, 196, 4, 32.45%, 0, 0, 5, 810.11, 1799803, 586
3048, 0, 413, 503, 196, 4, 32.45%, 0, 0, 5, 836.44, 1802347, 586
3053, 0, 474, 503, 196, 4, 32.45%, 0, 0, 5, 829.56, 1806507, 586
3059, 0, 474, 503, 196, 4, 32.45%, 0, 0, 5, 810.55, 1809787, 586
3064, 0, 474, 503, 196, 4, 32.45%, 0, 0, 5, 803.64, 1813451, 586
3069, 0, 474, 503, 196, 4, 32.45%, 0, 0, 5, 862.53, 1817557, 586
3074, 0, 474, 503, 196, 4, 32.45%, 0, 0, 5, 845.16, 1821787, 586
3079, 0, 474, 503, 196, 4, 32.45%, 0, 0, 5, 862.20, 1826380, 586
3084, 0, 474, 503, 196, 4, 32.45%, 0, 0, 5, 143.22, 1829029, 586
3089, 0, 376, 503, 196, 4, 32.45%, 0, 0, 5, 677.40, 1832568, 586
3094, 0, 376, 503, 196, 4, 32.45%, 0, 0, 5, 779.62, 1836237, 586
3099, 0, 376, 503, 196, 4, 32.45%, 0, 0, 5, 12.78, 1838541, 586
3105, 0, 376, 503, 196, 4, 32.45%, 0, 0, 5, 499.38, 1840860, 586
3110, 0, 376, 503, 196, 4, 32.45%, 0, 0, 5, 624.20, 1843455, 586
3115, 0, 376, 503, 196, 4, 32.45%, 0, 0, 5, 3.53, 1844311, 586
3120, 0, 376, 503, 196, 4, 32.45%, 0, 0, 5, 3.63, 1844329, 586
3125, 0, 376, 503, 196, 4, 32.45%, 0, 0, 5, 3.27, 1844344, 586
3130, 0, 376, 503, 196, 4, 32.45%, 0, 0, 5, 99.02, 1844677, 586
3135, 0, 376, 503, 196, 4, 32.45%, 0, 0, 5, 2.88, 1844694, 586
3141, 0, 376, 503, 196, 4, 32.45%, 0, 0, 5, 89.25, 1845001, 586
3146, 0, 376, 503, 196, 4, 32.45%, 0, 0, 5, 0.52, 1845067, 586
3151, 0, 376, 503, 196, 4, 32.45%, 0, 0, 5, 513.79, 1847537, 586
3156, 0, 376, 503, 196, 4, 32.45%, 0, 0, 5, 560.41, 1849209, 586
3161, 0, 376, 503, 196, 4, 32.45%, 0, 0, 5, 19.90, 1849972, 586
3167, 0, 376, 503, 196, 4, 32.45%, 0, 0, 5, 405.22, 1851259, 586
3172, 0, 376, 503, 196, 4, 32.45%, 0, 0, 5, 57.47, 1852383, 586
3177, 0, 376, 503, 196, 4, 32.45%, 0, 0, 5, 88.71, 1852877, 586
3182, 0, 376, 503, 196, 4, 32.45%, 0, 0, 5, 38.77, 1854184, 586
3188, 0, 376, 503, 196, 4, 32.45%, 0, 0, 5, 287.18, 1855663, 586
3193, 0, 376, 503, 196, 4, 32.45%, 0, 0, 5, 705.13, 1859484, 586
3198, 0, 376, 503, 196, 4, 32.45%, 0, 0, 5, 812.68, 1863739, 586
3203, 0, 376, 503, 196, 4, 32.45%, 0, 0, 5, 820.83, 1867851, 586
3208, 0, 376, 503, 196, 4, 32.45%, 0, 0, 5, 855.79, 1872115, 586
3213, 0, 376, 503, 196, 4, 32.45%, 0, 0, 5, 859.84, 1876518, 586
3218, 0, 449, 503, 196, 4, 32.45%, 0, 0, 5, 78.73, 1880091, 586
3224, 0, 449, 503, 196, 4, 32.45%, 0, 0, 5, 19.36, 1880558, 586
3229, 0, 449, 503, 196, 4, 32.45%, 0, 0, 5, 240.73, 1881316, 586
3234, 0, 449, 503, 196, 4, 32.45%, 0, 0, 5, 18.96, 1881985, 586
3241, 0, 449, 503, 196, 4, 32.45%, 0, 0, 5, 22.48, 1882494, 586
3246, 0, 449, 503, 196, 4, 32.45%, 0, 0, 5, 35.63, 1882637, 586
3251, 0, 449, 503, 196, 4, 32.45%, 0, 0, 5, 8.57, 1882727, 586
3256, 0, 449, 503, 196, 4, 32.45%, 0, 0, 5, 5.41, 1882791, 586
3262, 0, 449, 503, 196, 4, 32.45%, 0, 0, 5, 870.00, 1886305, 586
3267, 0, 449, 503, 196, 4, 32.45%, 0, 0, 5, 862.75, 1890538, 586
3272, 0, 449, 503, 196, 4, 32.45%, 0, 0, 5, 872.34, 1894805, 586
3277, 0, 449, 503, 196, 4, 32.45%, 0, 0, 5, 842.04, 1898800, 586
3282, 0, 449, 503, 196, 4, 32.45%, 0, 0, 5, 134.39, 1902540, 586
3287, 0, 379, 503, 196, 4, 32.45%, 0, 0, 5, 869.94, 1906631, 586
3292, 0, 379, 503, 196, 4, 32.45%, 0, 0, 5, 814.91, 1910588, 586
3297, 0, 379, 503, 196, 4, 32.45%, 0, 0, 5, 836.45, 1914812, 586
3302, 0, 379, 503, 196, 4, 32.45%, 0, 0, 5, 877.94, 1919245, 586
3307, 0, 379, 503, 196, 4, 32.45%, 0, 0, 5, 900.68, 1923904, 586
3312, 0, 379, 503, 196, 4, 32.45%, 0, 0, 5, 801.75, 1928012, 586
3317, 0, 465, 503, 196, 4, 32.45%, 0, 0, 5, 707.73, 1931540, 586
3323, 0, 465, 503, 196, 4, 32.45%, 0, 0, 5, 721.56, 1935292, 586
3328, 0, 465, 503, 196, 4, 32.45%, 0, 0, 5, 717.20, 1938918, 586
3333, 0, 465, 503, 196, 4, 32.45%, 0, 0, 5, 675.39, 1942339, 586
3338, 0, 465, 503, 196, 4, 32.45%, 0, 0, 5, 746.64, 1946324, 586
3343, 0, 465, 503, 196, 4, 32.45%, 0, 0, 5, 735.78, 1949964, 586
3348, 0, 376, 503, 196, 4, 32.45%, 0, 0, 5, 759.77, 1953748, 586
3353, 0, 376, 503, 196, 4, 32.45%, 0, 0, 5, 864.11, 1958248, 586
3358, 0, 376, 503, 196, 4, 32.45%, 0, 0, 5, 806.38, 1962163, 586
3364, 0, 376, 503, 196, 4, 32.45%, 0, 0, 5, 972.74, 1967493, 586
3369, 0, 376, 503, 196, 4, 32.45%, 0, 0, 5, 896.86, 1971967, 586
3374, 0, 376, 503, 196, 4, 32.45%, 0, 0, 5, 909.16, 1976620, 586
3379, 0, 502, 503, 196, 4, 32.45%, 0, 0, 5, 854.84, 1980750, 586
3384, 0, 502, 503, 196, 4, 32.45%, 0, 0, 5, 864.28, 1985017, 586
3389, 0, 502, 503, 196, 4, 32.45%, 0, 0, 5, 875.65, 1989403, 586
3394, 0, 502, 503, 196, 4, 32.45%, 0, 0, 5, 802.29, 1992679, 586
3399, 0, 502, 503, 196, 4, 32.45%, 0, 0, 5, 871.59, 1997206, 586
3404, 0, 502, 503, 196, 4, 32.45%, 0, 0, 5, 878.87, 2001677, 586
3409, 0, 376, 503, 196, 4, 32.45%, 0, 0, 5, 884.22, 2005887, 586
3415, 0, 376, 503, 196, 4, 32.45%, 0, 0, 5, 849.57, 2010252, 586
3420, 0, 376, 503, 196, 4, 32.45%, 0, 0, 5, 827.06, 2013308, 586
3425, 0, 376, 503, 196, 4, 32.45%, 0, 0, 5, 921.42, 2017942, 586
3430, 0, 376, 503, 196, 4, 32.45%, 0, 0, 5, 955.89, 2022915, 586
3435, 0, 376, 503, 196, 4, 32.45%, 0, 0, 5, 909.57, 2027470, 586
3440, 0, 376, 503, 196, 4, 32.45%, 0, 0, 5, 911.52, 2032078, 586
3445, 0, 376, 503, 196, 4, 32.45%, 0, 0, 5, 916.87, 2036308, 586
3450, 0, 376, 503, 196, 4, 32.45%, 0, 0, 5, 905.00, 2040538, 586
3455, 0, 376, 503, 196, 4, 32.45%, 0, 0, 5, 877.25, 2044947, 586
3460, 0, 376, 503, 196, 4, 32.45%, 0, 0, 5, 900.43, 2049628, 586
3465, 0, 14, 503, 196, 4, 32.45%, 0, 0, 5, 777.53, 2053627, 586
3471, 0, 14, 503, 196, 4, 32.45%, 0, 0, 5, 788.79, 2057722, 586
3476, 0, 14, 503, 196, 4, 32.45%, 0, 0, 5, 723.95, 2061322, 586
3481, 0, 14, 503, 196, 4, 32.45%, 0, 0, 5, 732.78, 2065032, 586
3486, 0, 14, 503, 196, 4, 32.45%, 0, 0, 5, 792.58, 2068732, 586
3491, 0, 14, 503, 196, 4, 32.45%, 0, 0, 5, 805.00, 2072796, 586
3496, 0, 379, 503, 196, 4, 32.45%, 0, 0, 5, 821.44, 2076988, 586
3501, 0, 379, 503, 196, 4, 32.45%, 0, 0, 5, 833.11, 2081116, 586
3506, 0, 379, 503, 196, 4, 32.45%, 0, 0, 5, 850.00, 2084796, 586
3512, 0, 379, 503, 196, 4, 32.45%, 0, 0, 5, 159.05, 2089222, 586
3517, 0, 379, 503, 196, 4, 32.45%, 0, 0, 5, 1041.04, 2094588, 586
3522, 0, 379, 503, 196, 4, 32.45%, 0, 0, 5, 779.89, 2097838, 586
3527, 0, 379, 503, 196, 4, 32.45%, 0, 0, 5, 806.26, 2101548, 586
3532, 0, 379, 503, 196, 4, 32.45%, 0, 0, 5, 949.82, 2106472, 586
3537, 0, 379, 503, 196, 4, 32.45%, 0, 0, 5, 1019.22, 2111704, 586
3543, 0, 379, 503, 196, 4, 32.45%, 0, 0, 5, 790.45, 2115199, 586
3548, 0, 379, 503, 196, 4, 32.45%, 0, 0, 5, 850.52, 2119516, 586
3553, 0, 379, 503, 196, 4, 32.45%, 0, 0, 5, 213.20, 2122122, 586
3558, 0, 473, 503, 196, 4, 32.45%, 0, 0, 5, 731.46, 2126468, 586
3563, 0, 473, 503, 196, 4, 32.45%, 0, 0, 5, 828.26, 2130908, 586
3568, 0, 473, 503, 196, 4, 32.45%, 0, 0, 5, 850.24, 2135340, 586
3574, 0, 473, 503, 196, 4, 32.45%, 0, 0, 5, 910.86, 2140102, 586
3579, 0, 473, 503, 196, 4, 32.45%, 0, 0, 5, 966.39, 2145225, 586
3584, 0, 379, 503, 196, 4, 32.45%, 0, 0, 5, 892.67, 2149824, 586
3589, 0, 379, 503, 196, 4, 32.45%, 0, 0, 5, 864.19, 2154040, 586
3594, 0, 379, 503, 196, 4, 32.45%, 0, 0, 5, 839.83, 2158364, 586
3599, 0, 379, 503, 196, 4, 32.45%, 0, 0, 5, 837.82, 2162364, 586
3604, 0, 379, 503, 196, 4, 32.45%, 0, 0, 5, 862.26, 2166739, 586
3610, 0, 379, 503, 196, 4, 32.45%, 0, 0, 5, 864.49, 2171176, 586
3615, 0, 380, 503, 196, 4, 32.45%, 0, 0, 5, 876.78, 2175403, 586
3620, 0, 380, 503, 196, 4, 32.45%, 0, 0, 5, 111.56, 2178072, 586
3625, 0, 380, 503, 196, 4, 32.45%, 0, 0, 5, 32.56, 2178505, 586
3630, 0, 380, 503, 196, 4, 32.45%, 0, 0, 5, 242.62, 2179088, 586
3635, 0, 380, 503, 196, 4, 32.45%, 0, 0, 5, 90.69, 2179675, 586
3640, 0, 380, 503, 196, 4, 32.45%, 0, 0, 5, 1.18, 2180115, 586
3647, 0, 380, 503, 196, 4, 32.45%, 0, 0, 5, 4.78, 2180155, 586
3652, 0, 380, 503, 196, 4, 32.45%, 0, 0, 5, 22.30, 2180238, 586
3657, 0, 380, 503, 196, 4, 32.45%, 0, 0, 5, 42.79, 2180405, 586
3662, 0, 380, 503, 196, 4, 32.45%, 0, 0, 5, 874.61, 2184056, 586
3667, 0, 380, 503, 196, 4, 32.45%, 0, 0, 5, 832.07, 2188140, 586
3672, 0, 380, 503, 196, 4, 32.45%, 0, 0, 5, 864.44, 2192029, 586
3678, 0, 380, 503, 196, 4, 32.45%, 0, 0, 5, 855.14, 2196415, 586
3683, 0, 422, 503, 196, 4, 32.45%, 0, 0, 5, 831.89, 2200652, 586
3688, 0, 422, 503, 196, 4, 32.45%, 0, 0, 5, 809.01, 2204620, 586
3693, 0, 422, 503, 196, 4, 32.45%, 0, 0, 5, 832.28, 2208988, 586
3698, 0, 422, 503, 196, 4, 32.45%, 0, 0, 5, 829.95, 2212491, 586
3703, 0, 422, 503, 196, 4, 32.45%, 0, 0, 5, 857.10, 2216435, 586
3708, 0, 422, 503, 196, 4, 32.45%, 0, 0, 5, 962.59, 2221252, 586
3713, 0, 376, 503, 196, 4, 32.45%, 0, 0, 5, 872.81, 2225575, 586
3719, 0, 376, 503, 196, 4, 32.45%, 0, 0, 5, 892.09, 2230250, 586
3724, 0, 376, 503, 196, 4, 32.45%, 0, 0, 5, 891.23, 2234670, 586
3729, 0, 376, 503, 196, 4, 32.45%, 0, 0, 5, 907.55, 2239252, 586
3734, 0, 376, 503, 196, 4, 32.45%, 0, 0, 5, 891.15, 2243950, 586
3739, 0, 472, 503, 196, 4, 32.45%, 0, 0, 5, 863.91, 2248281, 586
3744, 0, 472, 503, 196, 4, 32.45%, 0, 0, 5, 792.47, 2252200, 586
3749, 0, 472, 503, 196, 4, 32.45%, 0, 0, 5, 747.11, 2255970, 586
3754, 0, 472, 503, 196, 4, 32.45%, 0, 0, 5, 717.84, 2259554, 586
3759, 0, 472, 503, 196, 4, 32.45%, 0, 0, 5, 805.90, 2263555, 586
3764, 0, 472, 503, 196, 4, 32.45%, 0, 0, 5, 866.59, 2268018, 586
3769, 0, 472, 503, 196, 4, 32.45%, 0, 0, 5, 844.24, 2272332, 586
3774, 0, 376, 503, 196, 4, 32.45%, 0, 0, 5, 862.70, 2276529, 586
3779, 0, 376, 503, 196, 4, 32.45%, 0, 0, 5, 851.16, 2280779, 586
3785, 0, 376, 503, 196, 4, 32.45%, 0, 0, 5, 865.14, 2285114, 586
3790, 0, 376, 503, 196, 4, 32.45%, 0, 0, 5, 1022.28, 2288956, 586
3795, 0, 376, 503, 196, 4, 32.45%, 0, 0, 5, 895.43, 2292866, 586
3800, 0, 376, 503, 196, 4, 32.45%, 0, 0, 5, 832.22, 2296908, 586
3805, 0, 376, 503, 196, 4, 32.45%, 0, 0, 5, 889.24, 2301122, 586
3810, 0, 376, 503, 196, 4, 32.45%, 0, 0, 5, 945.74, 2306014, 586
3815, 0, 376, 503, 196, 4, 32.45%, 0, 0, 5, 992.14, 2311044, 586
3821, 0, 376, 503, 196, 4, 32.45%, 0, 0, 5, 895.00, 2315734, 586
3826, 0, 376, 503, 196, 4, 32.45%, 0, 0, 5, 859.90, 2319822, 586
3831, 0, 498, 504, 197, 4, 32.45%, 0, 0, 5, 147.19, 2322210, 586
3836, 0, 498, 505, 198, 4, 32.45%, 0, 0, 5, 143.47, 2322946, 586
3841, 0, 498, 505, 198, 4, 32.45%, 0, 0, 5, 139.99, 2323668, 586
3846, 0, 498, 505, 198, 4, 32.45%, 0, 0, 5, 18.88, 2324284, 586
3851, 0, 498, 505, 198, 4, 32.45%, 0, 0, 5, 151.28, 2324907, 586
3856, 0, 498, 505, 198, 4, 32.45%, 0, 0, 5, 9.30, 2325346, 586
3861, 0, 498, 505, 198, 4, 32.45%, 0, 0, 5, 149.49, 2326120, 586
3867, 0, 498, 505, 198, 4, 32.45%, 0, 0, 5, 152.37, 2326839, 586
3872, 0, 498, 505, 198, 4, 32.45%, 0, 0, 5, 145.53, 2327534, 586
3877, 0, 498, 505, 198, 4, 32.45%, 0, 0, 5, 149.76, 2328170, 586
3882, 0, 498, 505, 198, 4, 32.45%, 0, 0, 5, 145.57, 2328850, 586
3887, 0, 498, 505, 198, 4, 32.45%, 0, 0, 5, 147.64, 2329608, 586
3892, 0, 498, 505, 198, 4, 32.45%, 0, 0, 5, 145.81, 2330358, 586
3897, 0, 498, 505, 198, 4, 32.45%, 0, 0, 5, 143.79, 2331104, 586
3902, 0, 498, 505, 198, 4, 32.45%, 0, 0, 5, 100.12, 2331683, 586
3908, 0, 498, 505, 198, 4, 32.45%, 0, 0, 5, 22.65, 2332068, 586
3913, 0, 498, 505, 198, 4, 32.45%, 0, 0, 5, 18.92, 2332177, 586
3918, 0, 498, 505, 198, 4, 32.45%, 0, 0, 5, 83.12, 2332514, 586
3923, 0, 498, 505, 198, 4, 32.45%, 0, 0, 5, 120.78, 2333194, 586
3928, 0, 498, 505, 198, 4, 32.45%, 0, 0, 5, 137.27, 2333882, 586
3934, 0, 498, 505, 198, 4, 32.45%, 0, 0, 5, 152.71, 2334571, 586
3939, 0, 498, 505, 198, 4, 32.45%, 0, 0, 5, 144.93, 2335254, 586
3944, 0, 498, 505, 198, 4, 32.45%, 0, 0, 5, 148.98, 2336028, 586
3949, 0, 498, 505, 198, 4, 32.45%, 0, 0, 5, 24.10, 2336724, 586
3954, 0, 498, 505, 198, 4, 32.45%, 0, 0, 5, 137.71, 2337348, 586
3959, 0, 498, 505, 198, 4, 32.45%, 0, 0, 5, 139.43, 2338070, 586
3964, 0, 498, 505, 198, 4, 32.45%, 0, 0, 5, 147.78, 2338778, 586
3969, 0, 498, 505, 198, 4, 32.45%, 0, 0, 5, 86.11, 2339318, 586
